#Layer_Color=16740166
#
#Feature symbol names
#
$0 r3.937
$1 r1
$2 r3

#
#Feature attribute names
#
@0 .nomenclature
@1 .string
@2 .string_angle

#
#Feature attribute text strings
#
&0 \*

#
#Layer features
#
A 0.2476929 3.3236929 0.2476929 3.3236929 0.2280079 3.3236929 0 P 0 N
A 1.0092676 3.4095827 1.0092676 3.4095827 0.9895826 3.4095827 0 P 0 N
A 1.6743385 0.8220472 1.6743385 0.8220472 1.6546535 0.8220472 0 P 0 N
A 1.7456378 0.3306535 1.7456378 0.3306535 1.7259528 0.3306535 0 P 0 N
A 1.9402756 3.3025906 1.9402756 3.3025906 1.9205906 3.3025906 0 P 0 N
A 2.0336378 1.1336535 2.0336378 1.1336535 2.0139528 1.1336535 0 P 0 N
L 0.0915355 2.7080078 0.0915355 2.8339921 0 P 0
L 0.0915355 2.7080078 0.1584646 2.7080078 0 P 0
L 0.0915355 2.8339921 0.1584646 2.8339921 0 P 0
L 0.1125354 3.7402992 0.1125354 3.7777007 0 P 0
L 0.1125354 3.7402992 0.1794645 3.7402992 0 P 0
L 0.1125354 3.7777007 0.1794645 3.7777007 0 P 0
L 0.1135354 3.8062992 0.1135354 3.8437007 0 P 0
L 0.1135354 3.8062992 0.1804645 3.8062992 0 P 0
L 0.1135354 3.8437007 0.1804645 3.8437007 0 P 0
L 0.1135354 3.8742992 0.1135354 3.9117007 0 P 0
L 0.1135354 3.8742992 0.1804645 3.8742992 0 P 0
L 0.1135354 3.9117007 0.1804645 3.9117007 0 P 0
L 0.1205354 3.5352992 0.1205354 3.5727007 0 P 0
L 0.1205354 3.5352992 0.1874645 3.5352992 0 P 0
L 0.1205354 3.5727007 0.1874645 3.5727007 0 P 0
L 0.1312992 3.3265355 0.1312992 3.3934646 0 P 0
L 0.1312992 3.3265355 0.1687007 3.3265355 0 P 0
L 0.1312992 3.3934646 0.1687007 3.3934646 0 P 0
L 0.1584646 2.7080078 0.1584646 2.8339921 0 P 0
L 0.1615354 3.0540079 0.1615354 3.1799922 0 P 0
L 0.1615354 3.0540079 0.2284645 3.0540079 0 P 0
L 0.1615354 3.1799922 0.2284645 3.1799922 0 P 0
L 0.1675354 0.7732992 0.1675354 0.8107007 0 P 0
L 0.1675354 0.7732992 0.2344645 0.7732992 0 P 0
L 0.1675354 0.8107007 0.2344645 0.8107007 0 P 0
L 0.1687007 3.3265355 0.1687007 3.3934646 0 P 0
L 0.1716614 1.1464095 0.1716614 1.1975906 0 P 0
L 0.1716614 1.1464095 0.2543386 1.1464095 0 P 0
L 0.1716614 1.1975906 0.2543386 1.1975906 0 P 0
L 0.1716614 1.2274095 0.1716614 1.2785906 0 P 0
L 0.1716614 1.2274095 0.2543386 1.2274095 0 P 0
L 0.1716614 1.2785906 0.2543386 1.2785906 0 P 0
L 0.1794645 3.7402992 0.1794645 3.7777007 0 P 0
L 0.1804645 3.8062992 0.1804645 3.8437007 0 P 0
L 0.1804645 3.8742992 0.1804645 3.9117007 0 P 0
L 0.1874645 3.5352992 0.1874645 3.5727007 0 P 0
L 0.1925748 3.2882598 0.1925748 3.4457401 0 P 0
L 0.1925748 3.2882598 0.3894252 3.2882598 0 P 0
L 0.1925748 3.4457401 0.3894252 3.4457401 0 P 0
L 0.1929511 2.7080078 0.1929511 2.790685 0 P 0
L 0.1929511 2.7080078 0.2441322 2.7080078 0 P 0
L 0.1929511 2.790685 0.2441322 2.790685 0 P 0
L 0.2284645 3.0540079 0.2284645 3.1799922 0 P 0
L 0.2344645 0.7732992 0.2344645 0.8107007 0 P 0
L 0.2441322 2.7080078 0.2441322 2.790685 0 P 0
L 0.2543386 1.1464095 0.2543386 1.1975906 0 P 0
L 0.2543386 1.2274095 0.2543386 1.2785906 0 P 0
L 0.2555354 3.5352993 0.2555354 3.5727008 0 P 0
L 0.2555354 3.5352993 0.3224645 3.5352993 0 P 0
L 0.2555354 3.5727008 0.3224645 3.5727008 0 P 0
L 0.2562992 3.1095355 0.2562992 3.1764646 0 P 0
L 0.2562992 3.1095355 0.2937007 3.1095355 0 P 0
L 0.2562992 3.1764646 0.2937007 3.1764646 0 P 0
L 0.2585 3.7461142 0.2585 3.7611142 1 P 0
L 0.2585 3.7461142 0.297 3.7461142 1 P 0
L 0.2585 3.7611142 0.297 3.7611142 1 P 0
L 0.2585 3.7717047 0.2585 3.7867047 1 P 0
L 0.2585 3.7717047 0.297 3.7717047 1 P 0
L 0.2585 3.7867047 0.297 3.7867047 1 P 0
L 0.2585 3.7972953 0.2585 3.8122953 1 P 0
L 0.2585 3.7972953 0.297 3.7972953 1 P 0
L 0.2585 3.8122953 0.297 3.8122953 1 P 0
L 0.2585 3.8228858 0.2585 3.8378858 1 P 0
L 0.2585 3.8228858 0.297 3.8228858 1 P 0
L 0.2585 3.8378858 0.297 3.8378858 1 P 0
L 0.2676614 0.5894094 0.2676614 0.6405905 0 P 0
L 0.2676614 0.5894094 0.3503386 0.5894094 0 P 0
L 0.2676614 0.6405905 0.3503386 0.6405905 0 P 0
L 0.281351 2.7080078 0.281351 2.790685 0 P 0
L 0.281351 2.7080078 0.3325321 2.7080078 0 P 0
L 0.281351 2.790685 0.3325321 2.790685 0 P 0
L 0.2937007 3.1095355 0.2937007 3.1764646 0 P 0
L 0.297 3.731 0.297 3.853 1 P 0
L 0.297 3.731 0.419 3.731 1 P 0
L 0.297 3.7461142 0.297 3.7611142 1 P 0
L 0.297 3.7717047 0.297 3.7867047 1 P 0
L 0.297 3.7972953 0.297 3.8122953 1 P 0
L 0.297 3.8228858 0.297 3.8378858 1 P 0
L 0.297 3.853 0.419 3.853 1 P 0
L 0.2995 3.8083306 0.3328226 3.8416532 2 P 0 ;0,1=0,2=0.000000
L 0.2995 3.8249919 0.3328226 3.8249919 2 P 0 ;0,1=0,2=0.000000
L 0.2995 3.8416532 0.3328226 3.8083306 2 P 0 ;0,1=0,2=0.000000
L 0.3161613 3.8083306 0.3161613 3.8416532 2 P 0 ;0,1=0,2=0.000000
L 0.3175355 3.5992993 0.3175355 3.6367008 0 P 0
L 0.3175355 3.5992993 0.3844646 3.5992993 0 P 0
L 0.3175355 3.6367008 0.3844646 3.6367008 0 P 0
L 0.3224645 3.5352993 0.3224645 3.5727008 0 P 0
L 0.3256614 3.9274094 0.3256614 3.9785905 0 P 0
L 0.3256614 3.9274094 0.4083386 3.9274094 0 P 0
L 0.3256614 3.9785905 0.4083386 3.9785905 0 P 0
L 0.3262992 3.1105355 0.3262992 3.1774646 0 P 0
L 0.3262992 3.1105355 0.3637007 3.1105355 0 P 0
L 0.3262992 3.1774646 0.3637007 3.1774646 0 P 0
L 0.3325321 2.7080078 0.3325321 2.790685 0 P 0
L 0.3503386 0.5894094 0.3503386 0.6405905 0 P 0
L 0.3637007 3.1105355 0.3637007 3.1774646 0 P 0
L 0.3697509 2.7080079 0.3697509 2.7906851 0 P 0
L 0.3697509 2.7080079 0.420932 2.7080079 0 P 0
L 0.3697509 2.7906851 0.420932 2.7906851 0 P 0
L 0.3844646 3.5992993 0.3844646 3.6367008 0 P 0
L 0.3894252 3.2882598 0.3894252 3.4457401 0 P 0
L 0.3905355 3.5352993 0.3905355 3.5727008 0 P 0
L 0.3905355 3.5352993 0.4574646 3.5352993 0 P 0
L 0.3905355 3.5727008 0.4574646 3.5727008 0 P 0
L 0.3922993 3.1085354 0.3922993 3.1754645 0 P 0
L 0.3922993 3.1085354 0.4297008 3.1085354 0 P 0
L 0.3922993 3.1754645 0.4297008 3.1754645 0 P 0
L 0.4083386 3.9274094 0.4083386 3.9785905 0 P 0
L 0.419 3.731 0.419 3.853 1 P 0
L 0.419 3.7461142 0.419 3.7611142 1 P 0
L 0.419 3.7461142 0.4575 3.7461142 1 P 0
L 0.419 3.7611142 0.4575 3.7611142 1 P 0
L 0.419 3.7717047 0.419 3.7867047 1 P 0
L 0.419 3.7717047 0.4575 3.7717047 1 P 0
L 0.419 3.7867047 0.4575 3.7867047 1 P 0
L 0.419 3.7972953 0.419 3.8122953 1 P 0
L 0.419 3.7972953 0.4575 3.7972953 1 P 0
L 0.419 3.8122953 0.4575 3.8122953 1 P 0
L 0.419 3.8228858 0.419 3.8378858 1 P 0
L 0.419 3.8228858 0.4575 3.8228858 1 P 0
L 0.419 3.8378858 0.4575 3.8378858 1 P 0
L 0.420932 2.7080079 0.420932 2.7906851 0 P 0
L 0.4235355 3.2252993 0.4235355 3.2627008 0 P 0
L 0.4235355 3.2252993 0.4904646 3.2252993 0 P 0
L 0.4235355 3.2627008 0.4904646 3.2627008 0 P 0
L 0.4297008 3.1085354 0.4297008 3.1754645 0 P 0
L 0.4574646 3.5352993 0.4574646 3.5727008 0 P 0
L 0.4575 3.7461142 0.4575 3.7611142 1 P 0
L 0.4575 3.7717047 0.4575 3.7867047 1 P 0
L 0.4575 3.7972953 0.4575 3.8122953 1 P 0
L 0.4575 3.8228858 0.4575 3.8378858 1 P 0
L 0.4581508 2.7080078 0.4581508 2.790685 0 P 0
L 0.4581508 2.7080078 0.5093319 2.7080078 0 P 0
L 0.4581508 2.790685 0.5093319 2.790685 0 P 0
L 0.4904646 3.2252993 0.4904646 3.2627008 0 P 0
L 0.4905354 3.0462992 0.4905354 3.0837007 0 P 0
L 0.4905354 3.0462992 0.5574645 3.0462992 0 P 0
L 0.4905354 3.0837007 0.5574645 3.0837007 0 P 0
L 0.5093319 2.7080078 0.5093319 2.790685 0 P 0
L 0.5165354 1.0592992 0.5165354 1.0967007 0 P 0
L 0.5165354 1.0592992 0.5834645 1.0592992 0 P 0
L 0.5165354 1.0967007 0.5834645 1.0967007 0 P 0
L 0.5265354 1.1680079 0.5265354 1.2939922 0 P 0
L 0.5265354 1.1680079 0.5934645 1.1680079 0 P 0
L 0.5265354 1.2939922 0.5934645 1.2939922 0 P 0
L 0.5425354 0.8880079 0.5425354 1.0139922 0 P 0
L 0.5425354 0.8880079 0.6094645 0.8880079 0 P 0
L 0.5425354 1.0139922 0.6094645 1.0139922 0 P 0
L 0.547535 2.7080079 0.547535 2.8339922 0 P 0
L 0.547535 2.7080079 0.6144641 2.7080079 0 P 0
L 0.547535 2.8339922 0.6144641 2.8339922 0 P 0
L 0.5574645 3.0462992 0.5574645 3.0837007 0 P 0
L 0.5672992 3.9705355 0.5672992 4.0374646 0 P 0
L 0.5672992 3.9705355 0.6047007 3.9705355 0 P 0
L 0.5672992 4.0374646 0.6047007 4.0374646 0 P 0
L 0.5834645 1.0592992 0.5834645 1.0967007 0 P 0
L 0.5934645 1.1680079 0.5934645 1.2939922 0 P 0
L 0.6047007 3.9705355 0.6047007 4.0374646 0 P 0
L 0.6094645 0.8880079 0.6094645 1.0139922 0 P 0
L 0.6144641 2.7080079 0.6144641 2.8339922 0 P 0
L 0.6332992 3.9705355 0.6332992 4.0374646 0 P 0
L 0.6332992 3.9705355 0.6707007 3.9705355 0 P 0
L 0.6332992 4.0374646 0.6707007 4.0374646 0 P 0
L 0.6432993 3.0685354 0.6432993 3.1354645 0 P 0
L 0.6432993 3.0685354 0.6807008 3.0685354 0 P 0
L 0.6432993 3.1354645 0.6807008 3.1354645 0 P 0
L 0.6570079 3.2805355 0.6570079 3.3474646 0 P 0
L 0.6570079 3.2805355 0.7829922 3.2805355 0 P 0
L 0.6570079 3.3474646 0.7829922 3.3474646 0 P 0
L 0.6616614 0.5894094 0.6616614 0.6405905 0 P 0
L 0.6616614 0.5894094 0.7443386 0.5894094 0 P 0
L 0.6616614 0.6405905 0.7443386 0.6405905 0 P 0
L 0.6707007 3.9705355 0.6707007 4.0374646 0 P 0
L 0.6721417 2.7231418 0.6721417 2.9421378 0 P 0
L 0.6721417 2.7231418 0.9398582 2.7231418 0 P 0
L 0.6721417 2.9421378 0.7208622 2.9908583 0 P 0
L 0.6807008 3.0685354 0.6807008 3.1354645 0 P 0
L 0.7006614 3.4504095 0.7006614 3.5015906 0 P 0
L 0.7006614 3.4504095 0.7833386 3.4504095 0 P 0
L 0.7006614 3.5015906 0.7833386 3.5015906 0 P 0
L 0.7092993 3.0685354 0.7092993 3.1354645 0 P 0
L 0.7092993 3.0685354 0.7467008 3.0685354 0 P 0
L 0.7092993 3.1354645 0.7467008 3.1354645 0 P 0
L 0.7134174 3.3852992 0.7134174 3.4227007 0 P 0
L 0.7134174 3.3852992 0.7803465 3.3852992 0 P 0
L 0.7134174 3.4227007 0.7803465 3.4227007 0 P 0
L 0.7208622 2.9908583 0.8911378 2.9908583 0 P 0
L 0.7443386 0.5894094 0.7443386 0.6405905 0 P 0
L 0.7467008 3.0685354 0.7467008 3.1354645 0 P 0
L 0.7803465 3.3852992 0.7803465 3.4227007 0 P 0
L 0.7829922 3.2805355 0.7829922 3.3474646 0 P 0
L 0.7833386 3.4504095 0.7833386 3.5015906 0 P 0
L 0.8812992 1.1115355 0.8812992 1.1784646 0 P 0
L 0.8812992 1.1115355 0.9187007 1.1115355 0 P 0
L 0.8812992 1.1784646 0.9187007 1.1784646 0 P 0
L 0.8835354 3.2452992 0.8835354 3.2827007 0 P 0
L 0.8835354 3.2452992 0.9504645 3.2452992 0 P 0
L 0.8835354 3.2827007 0.9504645 3.2827007 0 P 0
L 0.8911378 2.9908583 0.9398582 2.9421378 0 P 0
L 0.9105355 0.8312993 0.9105355 0.8687008 0 P 0
L 0.9105355 0.8312993 0.9774646 0.8312993 0 P 0
L 0.9105355 0.8687008 0.9774646 0.8687008 0 P 0
L 0.9187007 1.1115355 0.9187007 1.1784646 0 P 0
L 0.9252992 3.8845355 0.9252992 3.9514646 0 P 0
L 0.9252992 3.8845355 0.9627007 3.8845355 0 P 0
L 0.9252992 3.9514646 0.9627007 3.9514646 0 P 0
L 0.9398582 2.7231418 0.9398582 2.9421378 0 P 0
L 0.9504645 3.2452992 0.9504645 3.2827007 0 P 0
L 0.9541495 3.3741496 0.9541495 3.7678504 0 P 0
L 0.9541495 3.3741496 1.3478503 3.3741496 0 P 0
L 0.9541495 3.7678504 1.3478503 3.7678504 0 P 0
L 0.9594095 1.0386614 0.9594095 1.1213386 0 P 0
L 0.9594095 1.0386614 1.0105906 1.0386614 0 P 0
L 0.9594095 1.1213386 1.0105906 1.1213386 0 P 0
L 0.9627007 3.8845355 0.9627007 3.9514646 0 P 0
L 0.9774646 0.8312993 0.9774646 0.8687008 0 P 0
L 0.9815355 0.8942993 0.9815355 0.9317008 0 P 0
L 0.9815355 0.8942993 1.0484646 0.8942993 0 P 0
L 0.9815355 0.9317008 1.0484646 0.9317008 0 P 0
L 0.9815355 0.9562993 0.9815355 0.9937008 0 P 0
L 0.9815355 0.9562993 1.0484646 0.9562993 0 P 0
L 0.9815355 0.9937008 1.0484646 0.9937008 0 P 0
L 0.9884095 3.8816614 0.9884095 3.9643386 0 P 0
L 0.9884095 3.8816614 1.0395906 3.8816614 0 P 0
L 0.9884095 3.9643386 1.0395906 3.9643386 0 P 0
L 1.0105906 1.0386614 1.0105906 1.1213386 0 P 0
L 1.0395906 3.8816614 1.0395906 3.9643386 0 P 0
L 1.0484646 0.8942993 1.0484646 0.9317008 0 P 0
L 1.0484646 0.9562993 1.0484646 0.9937008 0 P 0
L 1.0602993 2.6835354 1.0602993 2.7504645 0 P 0
L 1.0602993 2.6835354 1.0977008 2.6835354 0 P 0
L 1.0602993 2.7504645 1.0977008 2.7504645 0 P 0
L 1.0648032 3.1210866 1.0648032 3.2529764 0 P 0
L 1.0648032 3.1210866 1.1651969 3.1210866 0 P 0
L 1.0648032 3.2529764 1.1651969 3.2529764 0 P 0
L 1.0666614 0.5894094 1.0666614 0.6405905 0 P 0
L 1.0666614 0.5894094 1.1493386 0.5894094 0 P 0
L 1.0666614 0.6405905 1.1493386 0.6405905 0 P 0
L 1.0691417 1.0988622 1.0691417 1.2691378 0 P 0
L 1.0691417 1.0988622 1.1178622 1.0501417 0 P 0
L 1.0691417 1.2691378 1.1178622 1.3178582 0 P 0
L 1.0815355 3.0332993 1.0815355 3.0707008 0 P 0
L 1.0815355 3.0332993 1.1484646 3.0332993 0 P 0
L 1.0815355 3.0707008 1.1484646 3.0707008 0 P 0
L 1.0977008 2.6835354 1.0977008 2.7504645 0 P 0
L 1.1178622 1.0501417 1.3368582 1.0501417 0 P 0
L 1.1178622 1.3178582 1.3368582 1.3178582 0 P 0
L 1.1484646 3.0332993 1.1484646 3.0707008 0 P 0
L 1.1493386 0.5894094 1.1493386 0.6405905 0 P 0
L 1.1651969 3.1210866 1.1651969 3.2529764 0 P 0
L 1.1982993 3.1555354 1.1982993 3.2224645 0 P 0
L 1.1982993 3.1555354 1.2357008 3.1555354 0 P 0
L 1.1982993 3.2224645 1.2357008 3.2224645 0 P 0
L 1.2357008 3.1555354 1.2357008 3.2224645 0 P 0
L 1.2495355 2.7630078 1.2495355 2.8889921 0 P 0
L 1.2495355 2.7630078 1.3164646 2.7630078 0 P 0
L 1.2495355 2.8889921 1.3164646 2.8889921 0 P 0
L 1.2622992 3.1555354 1.2622992 3.2224645 0 P 0
L 1.2622992 3.1555354 1.2997007 3.1555354 0 P 0
L 1.2622992 3.2224645 1.2997007 3.2224645 0 P 0
L 1.2997007 3.1555354 1.2997007 3.2224645 0 P 0
L 1.3164646 2.7630078 1.3164646 2.8889921 0 P 0
L 1.3262991 3.1555355 1.3262991 3.2224646 0 P 0
L 1.3262991 3.1555355 1.3637006 3.1555355 0 P 0
L 1.3262991 3.2224646 1.3637006 3.2224646 0 P 0
L 1.3368582 1.0501417 1.3368582 1.3178582 0 P 0
L 1.3478503 3.3741496 1.3478503 3.7678504 0 P 0
L 1.3637006 3.1555355 1.3637006 3.2224646 0 P 0
L 1.390299 3.1555355 1.390299 3.2224646 0 P 0
L 1.390299 3.1555355 1.4277005 3.1555355 0 P 0
L 1.390299 3.2224646 1.4277005 3.2224646 0 P 0
L 1.3992992 2.766 1.3992992 2.8329291 0 P 0
L 1.3992992 2.766 1.4367007 2.766 0 P 0
L 1.3992992 2.8329291 1.4367007 2.8329291 0 P 0
L 1.4252992 1.1385355 1.4252992 1.2054646 0 P 0
L 1.4252992 1.1385355 1.4627007 1.1385355 0 P 0
L 1.4252992 1.2054646 1.4627007 1.2054646 0 P 0
L 1.4274094 0.3476614 1.4274094 0.4303386 0 P 0
L 1.4274094 0.3476614 1.4785905 0.3476614 0 P 0
L 1.4274094 0.4303386 1.4785905 0.4303386 0 P 0
L 1.4277005 3.1555355 1.4277005 3.2224646 0 P 0
L 1.4367007 2.766 1.4367007 2.8329291 0 P 0
L 1.4476614 0.6264094 1.4476614 0.6775905 0 P 0
L 1.4476614 0.6264094 1.5303386 0.6264094 0 P 0
L 1.4476614 0.6775905 1.5303386 0.6775905 0 P 0
L 1.4496614 3.6934094 1.4496614 3.7445905 0 P 0
L 1.4496614 3.6934094 1.5323386 3.6934094 0 P 0
L 1.4496614 3.7445905 1.5323386 3.7445905 0 P 0
L 1.4535355 3.7742993 1.4535355 3.8117008 0 P 0
L 1.4535355 3.7742993 1.5204646 3.7742993 0 P 0
L 1.4535355 3.8117008 1.5204646 3.8117008 0 P 0
L 1.4542992 3.1555355 1.4542992 3.2224646 0 P 0
L 1.4542992 3.1555355 1.4917007 3.1555355 0 P 0
L 1.4542992 3.2224646 1.4917007 3.2224646 0 P 0
L 1.4595354 0.7832992 1.4595354 0.8207007 0 P 0
L 1.4595354 0.7832992 1.5264645 0.7832992 0 P 0
L 1.4595354 0.8207007 1.5264645 0.8207007 0 P 0
L 1.4595355 0.8492993 1.4595355 0.8867008 0 P 0
L 1.4595355 0.8492993 1.5264646 0.8492993 0 P 0
L 1.4595355 0.8867008 1.5264646 0.8867008 0 P 0
L 1.4627007 1.1385355 1.4627007 1.2054646 0 P 0
L 1.4785905 0.3476614 1.4785905 0.4303386 0 P 0
L 1.4894095 1.1356614 1.4894095 1.2183386 0 P 0
L 1.4894095 1.1356614 1.5405906 1.1356614 0 P 0
L 1.4894095 1.2183386 1.5405906 1.2183386 0 P 0
L 1.4917007 3.1555355 1.4917007 3.2224646 0 P 0
L 1.5055354 3.4772992 1.5055354 3.5147007 0 P 0
L 1.5055354 3.4772992 1.5724645 3.4772992 0 P 0
L 1.5055354 3.5147007 1.5724645 3.5147007 0 P 0
L 1.5055355 3.4152993 1.5055355 3.4527008 0 P 0
L 1.5055355 3.4152993 1.5724646 3.4152993 0 P 0
L 1.5055355 3.4527008 1.5724646 3.4527008 0 P 0
L 1.5142992 0.3535355 1.5142992 0.4204646 0 P 0
L 1.5142992 0.3535355 1.5517007 0.3535355 0 P 0
L 1.5142992 0.4204646 1.5517007 0.4204646 0 P 0
L 1.5204646 3.7742993 1.5204646 3.8117008 0 P 0
L 1.5264645 0.7832992 1.5264645 0.8207007 0 P 0
L 1.5264646 0.8492993 1.5264646 0.8867008 0 P 0
L 1.5295354 0.2672992 1.5295354 0.3047007 0 P 0
L 1.5295354 0.2672992 1.5964645 0.2672992 0 P 0
L 1.5295354 0.3047007 1.5964645 0.3047007 0 P 0
L 1.5295355 0.2052993 1.5295355 0.2427008 0 P 0
L 1.5295355 0.2052993 1.5964646 0.2052993 0 P 0
L 1.5295355 0.2427008 1.5964646 0.2427008 0 P 0
L 1.5303386 0.6264094 1.5303386 0.6775905 0 P 0
L 1.5323386 3.6934094 1.5323386 3.7445905 0 P 0
L 1.5405906 1.1356614 1.5405906 1.2183386 0 P 0
L 1.5517007 0.3535355 1.5517007 0.4204646 0 P 0
L 1.5694095 1.1356614 1.5694095 1.2183386 0 P 0
L 1.5694095 1.1356614 1.6205906 1.1356614 0 P 0
L 1.5694095 1.2183386 1.6205906 1.2183386 0 P 0
L 1.5724645 3.4772992 1.5724645 3.5147007 0 P 0
L 1.5724646 3.4152993 1.5724646 3.4527008 0 P 0
L 1.5739449 0.7905511 1.5739449 0.8594488 0 P 0
L 1.5739449 0.7905511 1.6920551 0.7905511 0 P 0
L 1.5739449 0.8594488 1.6920551 0.8594488 0 P 0
L 1.5772992 0.3535355 1.5772992 0.4204646 0 P 0
L 1.5772992 0.3535355 1.6147007 0.3535355 0 P 0
L 1.5772992 0.4204646 1.6147007 0.4204646 0 P 0
L 1.5964645 0.2672992 1.5964645 0.3047007 0 P 0
L 1.5964646 0.2052993 1.5964646 0.2427008 0 P 0
L 1.6015355 0.6182993 1.6015355 0.6557008 0 P 0
L 1.6015355 0.6182993 1.6684646 0.6182993 0 P 0
L 1.6015355 0.6557008 1.6684646 0.6557008 0 P 0
L 1.6015355 0.6822993 1.6015355 0.7197008 0 P 0
L 1.6015355 0.6822993 1.6684646 0.6822993 0 P 0
L 1.6015355 0.7197008 1.6684646 0.7197008 0 P 0
L 1.6147007 0.3535355 1.6147007 0.4204646 0 P 0
L 1.6205906 1.1356614 1.6205906 1.2183386 0 P 0
L 1.6452993 3.8525354 1.6452993 3.9194645 0 P 0
L 1.6452993 3.8525354 1.6827008 3.8525354 0 P 0
L 1.6452993 3.9194645 1.6827008 3.9194645 0 P 0
L 1.6684646 0.6182993 1.6684646 0.6557008 0 P 0
L 1.6684646 0.6822993 1.6684646 0.7197008 0 P 0
L 1.6827008 3.8525354 1.6827008 3.9194645 0 P 0
L 1.6885512 0.2499449 1.6885512 0.3680551 0 P 0
L 1.6885512 0.2499449 1.7574489 0.2499449 0 P 0
L 1.6885512 0.3680551 1.7574489 0.3680551 0 P 0
L 1.6915354 0.3942992 1.6915354 0.4317007 0 P 0
L 1.6915354 0.3942992 1.7584645 0.3942992 0 P 0
L 1.6915354 0.4317007 1.7584645 0.4317007 0 P 0
L 1.6920551 0.7905511 1.6920551 0.8594488 0 P 0
L 1.6925355 3.0862993 1.6925355 3.1237008 0 P 0
L 1.6925355 3.0862993 1.7594646 3.0862993 0 P 0
L 1.6925355 3.1237008 1.7594646 3.1237008 0 P 0
L 1.7185355 2.7090078 1.7185355 2.8349921 0 P 0
L 1.7185355 2.7090078 1.7854646 2.7090078 0 P 0
L 1.7185355 2.8349921 1.7854646 2.8349921 0 P 0
L 1.7232992 0.7725355 1.7232992 0.8394646 0 P 0
L 1.7232992 0.7725355 1.7607007 0.7725355 0 P 0
L 1.7232992 0.8394646 1.7607007 0.8394646 0 P 0
L 1.732 3.8204331 1.732 3.8324331 1 P 0
L 1.732 3.8204331 1.7735 3.8204331 1 P 0
L 1.732 3.8324331 1.7735 3.8324331 1 P 0
L 1.732 3.8460237 1.732 3.8580237 1 P 0
L 1.732 3.8460237 1.7735 3.8460237 1 P 0
L 1.732 3.8580237 1.7735 3.8580237 1 P 0
L 1.732 3.8716142 1.732 3.8836142 1 P 0
L 1.732 3.8716142 1.7735 3.8716142 1 P 0
L 1.732 3.8836142 1.7735 3.8836142 1 P 0
L 1.732 3.8972048 1.732 3.9092048 1 P 0
L 1.732 3.8972048 1.7735 3.8972048 1 P 0
L 1.732 3.9092048 1.7735 3.9092048 1 P 0
L 1.732 3.9227953 1.732 3.9347953 1 P 0
L 1.732 3.9227953 1.7735 3.9227953 1 P 0
L 1.732 3.9347953 1.7735 3.9347953 1 P 0
L 1.732 3.9483858 1.732 3.9603858 1 P 0
L 1.732 3.9483858 1.7735 3.9483858 1 P 0
L 1.732 3.9603858 1.7735 3.9603858 1 P 0
L 1.732 3.9739764 1.732 3.9859764 1 P 0
L 1.732 3.9739764 1.7735 3.9739764 1 P 0
L 1.732 3.9859764 1.7735 3.9859764 1 P 0
L 1.732 3.9995669 1.732 4.0115669 1 P 0
L 1.732 3.9995669 1.7735 3.9995669 1 P 0
L 1.732 4.0115669 1.7735 4.0115669 1 P 0
L 1.7574489 0.2499449 1.7574489 0.3680551 0 P 0
L 1.7584645 0.3942992 1.7584645 0.4317007 0 P 0
L 1.7594646 3.0862993 1.7594646 3.1237008 0 P 0
L 1.7607007 0.7725355 1.7607007 0.8394646 0 P 0
L 1.7652993 3.1965354 1.7652993 3.2634645 0 P 0
L 1.7652993 3.1965354 1.8027008 3.1965354 0 P 0
L 1.7652993 3.2634645 1.8027008 3.2634645 0 P 0
L 1.7692993 3.3555354 1.7692993 3.4224645 0 P 0
L 1.7692993 3.3555354 1.8067008 3.3555354 0 P 0
L 1.7692993 3.4224645 1.8067008 3.4224645 0 P 0
L 1.7735 3.8155 1.7735 4.0165 1 P 0
L 1.7735 3.8155 1.9505 3.8155 1 P 0
L 1.7735 3.8204331 1.7735 3.8324331 1 P 0
L 1.7735 3.8460237 1.7735 3.8580237 1 P 0
L 1.7735 3.8716142 1.7735 3.8836142 1 P 0
L 1.7735 3.8972048 1.7735 3.9092048 1 P 0
L 1.7735 3.9227953 1.7735 3.9347953 1 P 0
L 1.7735 3.9483858 1.7735 3.9603858 1 P 0
L 1.7735 3.9739764 1.7735 3.9859764 1 P 0
L 1.7735 3.9995669 1.7735 4.0115669 1 P 0
L 1.7735 4.0165 1.9505 4.0165 1 P 0
L 1.7854646 2.7090078 1.7854646 2.8349921 0 P 0
L 1.8027008 3.1965354 1.8027008 3.2634645 0 P 0
L 1.8052992 3.0345355 1.8052992 3.1014646 0 P 0
L 1.8052992 3.0345355 1.8427007 3.0345355 0 P 0
L 1.8052992 3.1014646 1.8427007 3.1014646 0 P 0
L 1.8067008 3.3555354 1.8067008 3.4224645 0 P 0
L 1.8203511 2.7090078 1.8203511 2.791685 0 P 0
L 1.8203511 2.7090078 1.8715322 2.7090078 0 P 0
L 1.8203511 2.791685 1.8715322 2.791685 0 P 0
L 1.8339764 3.2159764 1.8339764 3.3380237 0 P 0
L 1.8339764 3.2159764 1.9560236 3.2159764 0 P 0
L 1.8339764 3.3380237 1.9560236 3.3380237 0 P 0
L 1.8385354 3.7422992 1.8385354 3.7797007 0 P 0
L 1.8385354 3.7422992 1.9054645 3.7422992 0 P 0
L 1.8385354 3.7797007 1.9054645 3.7797007 0 P 0
L 1.8395354 4.0482992 1.8395354 4.0857007 0 P 0
L 1.8395354 4.0482992 1.9064645 4.0482992 0 P 0
L 1.8395354 4.0857007 1.9064645 4.0857007 0 P 0
L 1.8427007 3.0345355 1.8427007 3.1014646 0 P 0
L 1.8555354 3.4192992 1.8555354 3.4567007 0 P 0
L 1.8555354 3.4192992 1.9224645 3.4192992 0 P 0
L 1.8555354 3.4567007 1.9224645 3.4567007 0 P 0
L 1.8682993 3.0345354 1.8682993 3.1014645 0 P 0
L 1.8682993 3.0345354 1.9057008 3.0345354 0 P 0
L 1.8682993 3.1014645 1.9057008 3.1014645 0 P 0
L 1.8715322 2.7090078 1.8715322 2.791685 0 P 0
L 1.9054645 3.7422992 1.9054645 3.7797007 0 P 0
L 1.9057008 3.0345354 1.9057008 3.1014645 0 P 0
L 1.9064645 4.0482992 1.9064645 4.0857007 0 P 0
L 1.907151 2.7090078 1.907151 2.791685 0 P 0
L 1.907151 2.7090078 1.9583321 2.7090078 0 P 0
L 1.907151 2.791685 1.9583321 2.791685 0 P 0
L 1.9082992 1.2195355 1.9082992 1.2864646 0 P 0
L 1.9082992 1.2195355 1.9457007 1.2195355 0 P 0
L 1.9082992 1.2864646 1.9457007 1.2864646 0 P 0
L 1.9224645 3.4192992 1.9224645 3.4567007 0 P 0
L 1.9313387 3.8601694 1.9313387 3.8268468 2 P 0 ;0,1=0,2=180.000000
L 1.9457007 1.2195355 1.9457007 1.2864646 0 P 0
L 1.948 3.8268468 1.9146774 3.8601694 2 P 0 ;0,1=0,2=180.000000
L 1.948 3.8435081 1.9146774 3.8435081 2 P 0 ;0,1=0,2=180.000000
L 1.948 3.8601694 1.9146774 3.8268468 2 P 0 ;0,1=0,2=180.000000
L 1.9505 3.8155 1.9505 4.0165 1 P 0
L 1.9505 3.8204331 1.9505 3.8324331 1 P 0
L 1.9505 3.8204331 1.992 3.8204331 1 P 0
L 1.9505 3.8324331 1.992 3.8324331 1 P 0
L 1.9505 3.8460236 1.9505 3.8580236 1 P 0
L 1.9505 3.8460236 1.992 3.8460236 1 P 0
L 1.9505 3.8580236 1.992 3.8580236 1 P 0
L 1.9505 3.8716142 1.9505 3.8836142 1 P 0
L 1.9505 3.8716142 1.992 3.8716142 1 P 0
L 1.9505 3.8836142 1.992 3.8836142 1 P 0
L 1.9505 3.8972047 1.9505 3.9092047 1 P 0
L 1.9505 3.8972047 1.992 3.8972047 1 P 0
L 1.9505 3.9092047 1.992 3.9092047 1 P 0
L 1.9505 3.9227952 1.9505 3.9347952 1 P 0
L 1.9505 3.9227952 1.992 3.9227952 1 P 0
L 1.9505 3.9347952 1.992 3.9347952 1 P 0
L 1.9505 3.9483858 1.9505 3.9603858 1 P 0
L 1.9505 3.9483858 1.992 3.9483858 1 P 0
L 1.9505 3.9603858 1.992 3.9603858 1 P 0
L 1.9505 3.9739763 1.9505 3.9859763 1 P 0
L 1.9505 3.9739763 1.992 3.9739763 1 P 0
L 1.9505 3.9859763 1.992 3.9859763 1 P 0
L 1.9505 3.9995669 1.9505 4.0115669 1 P 0
L 1.9505 3.9995669 1.992 3.9995669 1 P 0
L 1.9505 4.0115669 1.992 4.0115669 1 P 0
L 1.9560236 3.2159764 1.9560236 3.3380237 0 P 0
L 1.9583321 2.7090078 1.9583321 2.791685 0 P 0
L 1.9745354 0.9862992 1.9745354 1.0237007 0 P 0
L 1.9745354 0.9862992 2.0414645 0.9862992 0 P 0
L 1.9745354 1.0237007 2.0414645 1.0237007 0 P 0
L 1.9745355 0.9232993 1.9745355 0.9607008 0 P 0
L 1.9745355 0.9232993 2.0414646 0.9232993 0 P 0
L 1.9745355 0.9607008 2.0414646 0.9607008 0 P 0
L 1.9765512 1.0529449 1.9765512 1.1710551 0 P 0
L 1.9765512 1.0529449 2.0454489 1.0529449 0 P 0
L 1.9765512 1.1710551 2.0454489 1.1710551 0 P 0
L 1.9832993 3.3765354 1.9832993 3.4434645 0 P 0
L 1.9832993 3.3765354 2.0207008 3.3765354 0 P 0
L 1.9832993 3.4434645 2.0207008 3.4434645 0 P 0
L 1.992 3.8204331 1.992 3.8324331 1 P 0
L 1.992 3.8460236 1.992 3.8580236 1 P 0
L 1.992 3.8716142 1.992 3.8836142 1 P 0
L 1.992 3.8972047 1.992 3.9092047 1 P 0
L 1.992 3.9227952 1.992 3.9347952 1 P 0
L 1.992 3.9483858 1.992 3.9603858 1 P 0
L 1.992 3.9739763 1.992 3.9859763 1 P 0
L 1.992 3.9995669 1.992 4.0115669 1 P 0
L 1.9925354 1.2002992 1.9925354 1.2377007 0 P 0
L 1.9925354 1.2002992 2.0594645 1.2002992 0 P 0
L 1.9925354 1.2377007 2.0594645 1.2377007 0 P 0
L 1.9939509 2.7090079 1.9939509 2.7916851 0 P 0
L 1.9939509 2.7090079 2.045132 2.7090079 0 P 0
L 1.9939509 2.7916851 2.045132 2.7916851 0 P 0
L 2.0055354 3.1632992 2.0055354 3.2007007 0 P 0
L 2.0055354 3.1632992 2.0724645 3.1632992 0 P 0
L 2.0055354 3.2007007 2.0724645 3.2007007 0 P 0
L 2.0055354 3.2252992 2.0055354 3.2627007 0 P 0
L 2.0055354 3.2252992 2.0724645 3.2252992 0 P 0
L 2.0055354 3.2627007 2.0724645 3.2627007 0 P 0
L 2.0207008 3.3765354 2.0207008 3.4434645 0 P 0
L 2.0414645 0.9862992 2.0414645 1.0237007 0 P 0
L 2.0414646 0.9232993 2.0414646 0.9607008 0 P 0
L 2.045132 2.7090079 2.045132 2.7916851 0 P 0
L 2.0454489 1.0529449 2.0454489 1.1710551 0 P 0
L 2.0472992 3.8075355 2.0472992 3.8744646 0 P 0
L 2.0472992 3.8075355 2.0847007 3.8075355 0 P 0
L 2.0472992 3.8744646 2.0847007 3.8744646 0 P 0
L 2.0472992 3.9435355 2.0472992 4.0104646 0 P 0
L 2.0472992 3.9435355 2.0847007 3.9435355 0 P 0
L 2.0472992 4.0104646 2.0847007 4.0104646 0 P 0
L 2.0492993 3.3765354 2.0492993 3.4434645 0 P 0
L 2.0492993 3.3765354 2.0867008 3.3765354 0 P 0
L 2.0492993 3.4434645 2.0867008 3.4434645 0 P 0
L 2.0594645 1.2002992 2.0594645 1.2377007 0 P 0
L 2.0724645 3.1632992 2.0724645 3.2007007 0 P 0
L 2.0724645 3.2252992 2.0724645 3.2627007 0 P 0
L 2.0784094 2.7090078 2.0784094 2.791685 0 P 0
L 2.0784094 2.7090078 2.1295905 2.7090078 0 P 0
L 2.0784094 2.791685 2.1295905 2.791685 0 P 0
L 2.0847007 3.8075355 2.0847007 3.8744646 0 P 0
L 2.0847007 3.9435355 2.0847007 4.0104646 0 P 0
L 2.0867008 3.3765354 2.0867008 3.4434645 0 P 0
L 2.1122992 1.0805355 2.1122992 1.1474646 0 P 0
L 2.1122992 1.0805355 2.1497007 1.0805355 0 P 0
L 2.1122992 1.1474646 2.1497007 1.1474646 0 P 0
L 2.1295905 2.7090078 2.1295905 2.791685 0 P 0
L 2.1497007 1.0805355 2.1497007 1.1474646 0 P 0
L 2.168535 2.7090079 2.168535 2.8349922 0 P 0
L 2.168535 2.7090079 2.2354641 2.7090079 0 P 0
L 2.168535 2.8349922 2.2354641 2.8349922 0 P 0
L 2.1752992 1.0805355 2.1752992 1.1474646 0 P 0
L 2.1752992 1.0805355 2.2127007 1.0805355 0 P 0
L 2.1752992 1.1474646 2.2127007 1.1474646 0 P 0
L 2.2127007 1.0805355 2.2127007 1.1474646 0 P 0
L 2.2354641 2.7090079 2.2354641 2.8349922 0 P 0
L 2.2374094 1.0756614 2.2374094 1.1583386 0 P 0
L 2.2374094 1.0756614 2.2885905 1.0756614 0 P 0
L 2.2374094 1.1583386 2.2885905 1.1583386 0 P 0
L 2.2885905 1.0756614 2.2885905 1.1583386 0 P 0
