#Layer_Color=16755269
#
#Feature symbol names
#
$0 r5
$1 r7.87
$2 r3.94

#
#Feature attribute names
#

#
#Layer features
#
A 0.37593 0.324 0.37593 0.324 0.27 0.324 0 P 0 N
A 0.3945 0.324 0.3945 0.324 0.27 0.324 0 P 0 N
A 0.77593 0.324 0.77593 0.324 0.67 0.324 0 P 0 N
A 0.7945 0.324 0.7945 0.324 0.67 0.324 0 P 0 N
A 1.17593 0.324 1.17593 0.324 1.07 0.324 0 P 0 N
A 1.1945 0.324 1.1945 0.324 1.07 0.324 0 P 0 N
A 2.17845 0.324 2.17845 0.324 2.07252 0.324 0 P 0 N
A 2.19702 0.324 2.19702 0.324 2.07252 0.324 0 P 0 N
L 0.09283 0.14683 0.09283 0.56022 0 P 0
L 0.09283 0.14683 0.27787 0.14683 0 P 0
L 0.09283 0.56022 0.21094 0.56022 0 P 0
L 0.13589 0.84989 0.37211 0.84989 1 P 0
L 0.13589 1.08611 0.37211 1.08611 1 P 0
L 0.21094 0.48148 0.21094 0.56022 0 P 0
L 0.21094 0.48148 0.32906 0.48148 0 P 0
L 0.21094 0.56022 0.32906 0.56022 0 P 0
L 0.26213 0.06022 0.26213 0.1429 0 P 0
L 0.26213 0.06022 0.27787 0.06022 0 P 0
L 0.27787 0.06022 0.27787 0.14683 0 P 0
L 0.27787 0.14683 0.44717 0.14683 0 P 0
L 0.32906 0.48148 0.32906 0.56022 0 P 0
L 0.32906 0.56022 0.44717 0.56022 0 P 0
L 0.44717 0.14683 0.44717 0.56022 0 P 0
L 0.49283 0.14683 0.49283 0.56022 0 P 0
L 0.49283 0.14683 0.67787 0.14683 0 P 0
L 0.49283 0.56022 0.61094 0.56022 0 P 0
L 0.61094 0.48148 0.61094 0.56022 0 P 0
L 0.61094 0.48148 0.72906 0.48148 0 P 0
L 0.61094 0.56022 0.72906 0.56022 0 P 0
L 0.66213 0.06022 0.66213 0.1429 0 P 0
L 0.66213 0.06022 0.67787 0.06022 0 P 0
L 0.67787 0.06022 0.67787 0.14683 0 P 0
L 0.67787 0.14683 0.84717 0.14683 0 P 0
L 0.72906 0.48148 0.72906 0.56022 0 P 0
L 0.72906 0.56022 0.84717 0.56022 0 P 0
L 0.84717 0.14683 0.84717 0.56022 0 P 0
L 0.89283 0.14683 0.89283 0.56022 0 P 0
L 0.89283 0.14683 1.07787 0.14683 0 P 0
L 0.89283 0.56022 1.01094 0.56022 0 P 0
L 0.96064 1.491336 0.96064 1.668506 2 P 0
L 0.96064 1.491336 1.05315 1.491336 2 P 0
L 0.96064 1.825986 0.96064 1.938186 2 P 0
L 0.96064 1.938186 1.3819 1.938186 2 P 0
L 0.96064 2.120014 0.96064 2.297184 2 P 0
L 0.96064 2.120014 1.05315 2.120014 2 P 0
L 0.96064 2.454664 0.96064 2.566864 2 P 0
L 0.96064 2.566864 1.3819 2.566864 2 P 0
L 1.01094 0.48148 1.01094 0.56022 0 P 0
L 1.01094 0.48148 1.12906 0.48148 0 P 0
L 1.01094 0.56022 1.12906 0.56022 0 P 0
L 1.06213 0.06022 1.06213 0.1429 0 P 0
L 1.06213 0.06022 1.07787 0.06022 0 P 0
L 1.07787 0.06022 1.07787 0.14683 0 P 0
L 1.07787 0.14683 1.24717 0.14683 0 P 0
L 1.12906 0.48148 1.12906 0.56022 0 P 0
L 1.12906 0.56022 1.24717 0.56022 0 P 0
L 1.24717 0.14683 1.24717 0.56022 0 P 0
L 1.28938 1.491336 1.3819 1.491336 2 P 0
L 1.28938 2.120014 1.3819 2.120014 2 P 0
L 1.3819 1.491336 1.3819 1.668506 2 P 0
L 1.3819 1.825986 1.3819 1.938186 2 P 0
L 1.3819 2.120014 1.3819 2.297184 2 P 0
L 1.3819 2.454664 1.3819 2.566864 2 P 0
L 1.89535 0.14683 1.89535 0.56022 0 P 0
L 1.89535 0.14683 2.08039 0.14683 0 P 0
L 1.89535 0.56022 2.01346 0.56022 0 P 0
L 2.01346 0.48148 2.01346 0.56022 0 P 0
L 2.01346 0.48148 2.13158 0.48148 0 P 0
L 2.01346 0.56022 2.13158 0.56022 0 P 0
L 2.06465 0.06022 2.06465 0.1429 0 P 0
L 2.06465 0.06022 2.08039 0.06022 0 P 0
L 2.08039 0.06022 2.08039 0.14683 0 P 0
L 2.08039 0.14683 2.24969 0.14683 0 P 0
L 2.13158 0.48148 2.13158 0.56022 0 P 0
L 2.13158 0.56022 2.24969 0.56022 0 P 0
L 2.24969 0.14683 2.24969 0.56022 0 P 0
