#Layer_Color=16755269
#
#Feature symbol names
#
$0 r3.937

#
#Feature attribute names
#

#
#Layer features
#
L 0.1252991 3.1555511 0.1252991 3.2244488 0 P 0
L 0.1252991 3.1555511 0.1627007 3.1555511 0 P 0
L 0.1252991 3.2244488 0.1627007 3.2244488 0 P 0
L 0.1627007 3.1555511 0.1627007 3.2244488 0 P 0
L 0.3045511 3.8872993 0.3045511 3.9247009 0 P 0
L 0.3045511 3.8872993 0.3734488 3.8872993 0 P 0
L 0.3045511 3.9247009 0.3734488 3.9247009 0 P 0
L 0.3734488 3.8872993 0.3734488 3.9247009 0 P 0
L 0.5726771 0.6024411 0.5726771 0.6575592 0 P 0
L 0.5726771 0.6024411 0.6573228 0.6024411 0 P 0
L 0.5726771 0.6575592 0.6573228 0.6575592 0 P 0
L 0.5846771 0.1494411 0.5846771 0.2045592 0 P 0
L 0.5846771 0.1494411 0.6693228 0.1494411 0 P 0
L 0.5846771 0.2045592 0.6693228 0.2045592 0 P 0
L 0.6573228 0.6024411 0.6573228 0.6575592 0 P 0
L 0.6672991 3.1455511 0.6672991 3.2144488 0 P 0
L 0.6672991 3.1455511 0.7047007 3.1455511 0 P 0
L 0.6672991 3.2144488 0.7047007 3.2144488 0 P 0
L 0.6693228 0.1494411 0.6693228 0.2045592 0 P 0
L 0.6705512 3.2362991 0.6705512 3.2737007 0 P 0
L 0.6705512 3.2362991 0.7394489 3.2362991 0 P 0
L 0.6705512 3.2737007 0.7394489 3.2737007 0 P 0
L 0.6705512 3.2852991 0.6705512 3.3227007 0 P 0
L 0.6705512 3.2852991 0.7394489 3.2852991 0 P 0
L 0.6705512 3.3227007 0.7394489 3.3227007 0 P 0
L 0.7047007 3.1455511 0.7047007 3.2144488 0 P 0
L 0.7172992 3.1459921 0.7172992 3.2148898 0 P 0
L 0.7172992 3.1459921 0.7547008 3.1459921 0 P 0
L 0.7172992 3.2148898 0.7547008 3.2148898 0 P 0
L 0.7394489 3.2362991 0.7394489 3.2737007 0 P 0
L 0.7394489 3.2852991 0.7394489 3.3227007 0 P 0
L 0.7547008 3.1459921 0.7547008 3.2148898 0 P 0
L 0.7562991 3.7455511 0.7562991 3.8144488 0 P 0
L 0.7562991 3.7455511 0.7937007 3.7455511 0 P 0
L 0.7562991 3.8144488 0.7937007 3.8144488 0 P 0
L 0.7622991 3.3995511 0.7622991 3.4684488 0 P 0
L 0.7622991 3.3995511 0.7997007 3.3995511 0 P 0
L 0.7622991 3.4684488 0.7997007 3.4684488 0 P 0
L 0.7662991 3.1459999 0.7662991 3.2148976 0 P 0
L 0.7662991 3.1459999 0.8037007 3.1459999 0 P 0
L 0.7662991 3.2148976 0.8037007 3.2148976 0 P 0
L 0.7937007 3.7455511 0.7937007 3.8144488 0 P 0
L 0.7997007 3.3995511 0.7997007 3.4684488 0 P 0
L 0.8037007 3.1459999 0.8037007 3.2148976 0 P 0
L 0.8055511 3.5812993 0.8055511 3.6187009 0 P 0
L 0.8055511 3.5812993 0.8744488 3.5812993 0 P 0
L 0.8055511 3.6187009 0.8744488 3.6187009 0 P 0
L 0.8055511 3.6312993 0.8055511 3.6687009 0 P 0
L 0.8055511 3.6312993 0.8744488 3.6312993 0 P 0
L 0.8055511 3.6687009 0.8744488 3.6687009 0 P 0
L 0.8105511 3.5062993 0.8105511 3.5437009 0 P 0
L 0.8105511 3.5062993 0.8794488 3.5062993 0 P 0
L 0.8105511 3.5437009 0.8794488 3.5437009 0 P 0
L 0.8192993 3.1459921 0.8192993 3.2148898 0 P 0
L 0.8192993 3.1459921 0.8567009 3.1459921 0 P 0
L 0.8192993 3.2148898 0.8567009 3.2148898 0 P 0
L 0.8215511 3.2962993 0.8215511 3.3337009 0 P 0
L 0.8215511 3.2962993 0.8904488 3.2962993 0 P 0
L 0.8215511 3.3337009 0.8904488 3.3337009 0 P 0
L 0.8215511 3.3462993 0.8215511 3.3837009 0 P 0
L 0.8215511 3.3462993 0.8904488 3.3462993 0 P 0
L 0.8215511 3.3837009 0.8904488 3.3837009 0 P 0
L 0.8414408 3.7496771 0.8414408 3.8343228 0 P 0
L 0.8414408 3.7496771 0.8965589 3.7496771 0 P 0
L 0.8414408 3.8343228 0.8965589 3.8343228 0 P 0
L 0.8567009 3.1459921 0.8567009 3.2148898 0 P 0
L 0.8744488 3.5812993 0.8744488 3.6187009 0 P 0
L 0.8744488 3.6312993 0.8744488 3.6687009 0 P 0
L 0.8794488 3.5062993 0.8794488 3.5437009 0 P 0
L 0.8904488 3.2962993 0.8904488 3.3337009 0 P 0
L 0.8904488 3.3462993 0.8904488 3.3837009 0 P 0
L 0.8965589 3.7496771 0.8965589 3.8343228 0 P 0
L 0.9556771 0.6034411 0.9556771 0.6585592 0 P 0
L 0.9556771 0.6034411 1.0403228 0.6034411 0 P 0
L 0.9556771 0.6585592 1.0403228 0.6585592 0 P 0
L 1.0403228 0.6034411 1.0403228 0.6585592 0 P 0
L 1.1745669 3.1530709 1.1745669 3.2869291 0 P 0
L 1.1745669 3.1530709 1.245433 3.1530709 0 P 0
L 1.1745669 3.2869291 1.245433 3.2869291 0 P 0
L 1.245433 3.1530709 1.245433 3.2869291 0 P 0
L 1.2562991 3.1505511 1.2562991 3.2194488 0 P 0
L 1.2562991 3.1505511 1.2937007 3.1505511 0 P 0
L 1.2562991 3.2194488 1.2937007 3.2194488 0 P 0
L 1.2675511 3.6922993 1.2675511 3.7297009 0 P 0
L 1.2675511 3.6922993 1.3364488 3.6922993 0 P 0
L 1.2675511 3.7297009 1.3364488 3.7297009 0 P 0
L 1.2937007 3.1505511 1.2937007 3.2194488 0 P 0
L 1.3062991 3.1505511 1.3062991 3.2194488 0 P 0
L 1.3062991 3.1505511 1.3437007 3.1505511 0 P 0
L 1.3062991 3.2194488 1.3437007 3.2194488 0 P 0
L 1.3364488 3.6922993 1.3364488 3.7297009 0 P 0
L 1.3437007 3.1505511 1.3437007 3.2194488 0 P 0
L 1.5656771 0.1494411 1.5656771 0.2045592 0 P 0
L 1.5656771 0.1494411 1.6503228 0.1494411 0 P 0
L 1.5656771 0.2045592 1.6503228 0.2045592 0 P 0
L 1.6276771 2.9174411 1.6276771 2.9725592 0 P 0
L 1.6276771 2.9174411 1.7123228 2.9174411 0 P 0
L 1.6276771 2.9725592 1.7123228 2.9725592 0 P 0
L 1.6503228 0.1494411 1.6503228 0.2045592 0 P 0
L 1.7123228 2.9174411 1.7123228 2.9725592 0 P 0
L 1.8575512 3.8662991 1.8575512 3.9037007 0 P 0
L 1.8575512 3.8662991 1.9264489 3.8662991 0 P 0
L 1.8575512 3.9037007 1.9264489 3.9037007 0 P 0
L 1.9264489 3.8662991 1.9264489 3.9037007 0 P 0
L 1.9662993 3.7435512 1.9662993 3.8124489 0 P 0
L 1.9662993 3.7435512 2.0037009 3.7435512 0 P 0
L 1.9662993 3.8124489 2.0037009 3.8124489 0 P 0
L 2.0037009 3.7435512 2.0037009 3.8124489 0 P 0
