#Layer_Color=16764230
#
#Feature symbol names
#
$0 r3.937
$1 r1.9685
$2 r6

#
#Feature attribute names
#

#
#Layer features
#
L 0.1003936 2.6870079 0.1003936 2.8248032 0 P 0
L 0.1003936 2.6870079 0.1751967 2.6870079 0 P 0
L 0.1003936 2.8248032 0.1751967 2.8248032 0 P 0
L 0.1003937 2.8543307 0.1003937 3.0118111 0 P 0
L 0.1003937 2.8543307 0.1751968 2.8543307 0 P 0
L 0.1003937 3.0118111 0.1751968 3.0118111 0 P 0
L 0.1181101 2.7559056 0.1574802 2.7559056 0 P 0
L 0.1181102 2.9330709 0.1574803 2.9330709 0 P 0
L 0.1234881 0.8242362 0.1234881 1.1237638 2 P 0
L 0.1234881 0.8242362 0.4545119 0.8242362 2 P 0
L 0.1234881 1.1237638 0.4545119 1.1237638 2 P 0
L 0.1377952 2.7362205 0.1377952 2.7755906 0 P 0
L 0.1377953 2.9133859 0.1377953 2.9527559 0 P 0
L 0.1441024 1.1345986 0.1441024 1.2094017 0 P 0
L 0.1441024 1.1345986 0.2818977 1.1345986 0 P 0
L 0.1441024 1.2094017 0.2818977 1.2094017 0 P 0
L 0.1441024 1.2155986 0.1441024 1.2904017 0 P 0
L 0.1441024 1.2155986 0.2818977 1.2155986 0 P 0
L 0.1441024 1.2904017 0.2818977 1.2904017 0 P 0
L 0.153756 0.7703465 0.153756 0.8136536 0 P 0
L 0.153756 0.7703465 0.2482441 0.7703465 0 P 0
L 0.153756 0.8136536 0.2482441 0.8136536 0 P 0
L 0.1751967 2.6870079 0.1751967 2.8248032 0 P 0
L 0.1751968 2.8543307 0.1751968 3.0118111 0 P 0
L 0.1822993 0.7920001 0.2197008 0.7920001 0 P 0
L 0.193315 1.1720001 0.2326851 1.1720001 0 P 0
L 0.193315 1.2530001 0.2326851 1.2530001 0 P 0
L 0.198819 2.8543307 0.198819 3.0118111 0 P 0
L 0.198819 2.8543307 0.2736221 2.8543307 0 P 0
L 0.198819 3.0118111 0.2736221 3.0118111 0 P 0
L 0.1991339 3.7859843 0.1991339 4.0340158 1 P 0
L 0.1991339 3.7859843 0.3408662 3.7859843 1 P 0
L 0.1991339 4.0340158 0.3408662 4.0340158 1 P 0
L 0.2010001 0.7732993 0.2010001 0.8107009 0 P 0
L 0.2130001 1.1523151 0.2130001 1.1916852 0 P 0
L 0.2130001 1.2333151 0.2130001 1.2726852 0 P 0
L 0.2165355 2.9330709 0.2559056 2.9330709 0 P 0
L 0.2275983 2.6861024 0.2275983 2.8238977 0 P 0
L 0.2275983 2.6861024 0.3024014 2.6861024 0 P 0
L 0.2275983 2.8238977 0.3024014 2.8238977 0 P 0
L 0.2362205 2.9133859 0.2362205 2.9527559 0 P 0
L 0.2453148 2.7550001 0.2846849 2.7550001 0 P 0
L 0.2482441 0.7703465 0.2482441 0.8136536 0 P 0
L 0.250315 3.91 0.2896851 3.91 0 P 0
L 0.2649999 2.735315 0.2649999 2.7746851 0 P 0
L 0.27 3.890315 0.27 3.9296851 0 P 0
L 0.2736221 2.8543307 0.2736221 3.0118111 0 P 0
L 0.2818977 1.1345986 0.2818977 1.2094017 0 P 0
L 0.2818977 1.2155986 0.2818977 1.2904017 0 P 0
L 0.2963465 3.0137559 0.2963465 3.108244 0 P 0
L 0.2963465 3.0137559 0.3396536 3.0137559 0 P 0
L 0.2963465 3.108244 0.3396536 3.108244 0 P 0
L 0.2992993 3.0609999 0.3367009 3.0609999 0 P 0
L 0.3024014 2.6861024 0.3024014 2.8238977 0 P 0
L 0.3125986 2.6861023 0.3125986 2.8238976 0 P 0
L 0.3125986 2.6861023 0.3874017 2.6861023 0 P 0
L 0.3125986 2.8238976 0.3874017 2.8238976 0 P 0
L 0.3180001 3.0422992 0.3180001 3.0797007 0 P 0
L 0.3303151 2.7549999 0.3696852 2.7549999 0 P 0
L 0.3396536 3.0137559 0.3396536 3.108244 0 P 0
L 0.3408662 3.7859843 0.3408662 4.0340158 1 P 0
L 0.3500001 2.7353149 0.3500001 2.774685 0 P 0
L 0.352756 3.7483465 0.352756 3.7916536 0 P 0
L 0.352756 3.7483465 0.4472441 3.7483465 0 P 0
L 0.352756 3.7916536 0.4472441 3.7916536 0 P 0
L 0.352756 3.8033465 0.352756 3.8466536 0 P 0
L 0.352756 3.8033465 0.4472441 3.8033465 0 P 0
L 0.352756 3.8466536 0.4472441 3.8466536 0 P 0
L 0.352756 3.9783465 0.352756 4.0216536 0 P 0
L 0.352756 3.9783465 0.4472441 3.9783465 0 P 0
L 0.352756 4.0216536 0.4472441 4.0216536 0 P 0
L 0.352756 4.0333465 0.352756 4.0766536 0 P 0
L 0.352756 4.0333465 0.4472441 4.0333465 0 P 0
L 0.352756 4.0766536 0.4472441 4.0766536 0 P 0
L 0.3812993 3.7700001 0.4187008 3.7700001 0 P 0
L 0.3812993 3.8250001 0.4187008 3.8250001 0 P 0
L 0.3812993 4.0000001 0.4187008 4.0000001 0 P 0
L 0.3812993 4.0550001 0.4187008 4.0550001 0 P 0
L 0.3874017 2.6861023 0.3874017 2.8238976 0 P 0
L 0.3975983 2.6861024 0.3975983 2.8238977 0 P 0
L 0.3975983 2.6861024 0.4724014 2.6861024 0 P 0
L 0.3975983 2.8238977 0.4724014 2.8238977 0 P 0
L 0.4000001 3.7512993 0.4000001 3.7887009 0 P 0
L 0.4000001 3.8062993 0.4000001 3.8437009 0 P 0
L 0.4000001 3.9812993 0.4000001 4.0187009 0 P 0
L 0.4000001 4.0362993 0.4000001 4.0737009 0 P 0
L 0.4153148 2.7550001 0.4546849 2.7550001 0 P 0
L 0.4349999 2.735315 0.4349999 2.7746851 0 P 0
L 0.4472441 3.7483465 0.4472441 3.7916536 0 P 0
L 0.4472441 3.8033465 0.4472441 3.8466536 0 P 0
L 0.4472441 3.9783465 0.4472441 4.0216536 0 P 0
L 0.4472441 4.0333465 0.4472441 4.0766536 0 P 0
L 0.4545119 0.8242362 0.4545119 1.1237638 2 P 0
L 0.4724014 2.6861024 0.4724014 2.8238977 0 P 0
L 0.519756 1.0573465 0.519756 1.1006536 0 P 0
L 0.519756 1.0573465 0.6142441 1.0573465 0 P 0
L 0.519756 1.1006536 0.6142441 1.1006536 0 P 0
L 0.5225985 1.1522598 0.5225985 1.3097402 0 P 0
L 0.5225985 1.1522598 0.5974016 1.1522598 0 P 0
L 0.5225985 1.3097402 0.5974016 1.3097402 0 P 0
L 0.5299449 3.4851181 0.5299449 3.6288189 1 P 0
L 0.5299449 3.4851181 0.6480551 3.4851181 1 P 0
L 0.5299449 3.6288189 0.6480551 3.6288189 1 P 0
L 0.5387402 0.8862598 0.5387402 1.0437402 0 P 0
L 0.5387402 0.8862598 0.6135433 0.8862598 0 P 0
L 0.5387402 1.0437402 0.6135433 1.0437402 0 P 0
L 0.540315 1.231 0.5796851 1.231 0 P 0
L 0.5463465 3.3067559 0.5463465 3.401244 0 P 0
L 0.5463465 3.3067559 0.5896536 3.3067559 0 P 0
L 0.5463465 3.401244 0.5896536 3.401244 0 P 0
L 0.547756 3.6363465 0.547756 3.6796536 0 P 0
L 0.547756 3.6363465 0.6422441 3.6363465 0 P 0
L 0.547756 3.6796536 0.6422441 3.6796536 0 P 0
L 0.5482993 1.0790001 0.5857008 1.0790001 0 P 0
L 0.5492993 3.3539999 0.5867009 3.3539999 0 P 0
L 0.5564567 0.965 0.5958268 0.965 0 P 0
L 0.56 1.211315 0.56 1.250685 0 P 0
L 0.5670001 1.0602993 0.5670001 1.0977009 0 P 0
L 0.5680001 3.3352992 0.5680001 3.3727007 0 P 0
L 0.5693149 3.555 0.608685 3.555 0 P 0
L 0.5761417 0.945315 0.5761417 0.984685 0 P 0
L 0.5762993 3.6580001 0.6137008 3.6580001 0 P 0
L 0.589 3.535315 0.589 3.5746851 0 P 0
L 0.5896536 3.3067559 0.5896536 3.401244 0 P 0
L 0.5950001 3.6392993 0.5950001 3.6767009 0 P 0
L 0.5974016 1.1522598 0.5974016 1.3097402 0 P 0
L 0.6013465 3.3067559 0.6013465 3.401244 0 P 0
L 0.6013465 3.3067559 0.6446536 3.3067559 0 P 0
L 0.6013465 3.401244 0.6446536 3.401244 0 P 0
L 0.6042993 3.3539999 0.6417009 3.3539999 0 P 0
L 0.6135433 0.8862598 0.6135433 1.0437402 0 P 0
L 0.6142441 1.0573465 0.6142441 1.1006536 0 P 0
L 0.6230001 3.3352992 0.6230001 3.3727007 0 P 0
L 0.6422441 3.6363465 0.6422441 3.6796536 0 P 0
L 0.6446536 3.3067559 0.6446536 3.401244 0 P 0
L 0.6480551 3.4851181 0.6480551 3.6288189 1 P 0
L 0.6614172 3.1417323 0.6614172 3.8267717 0 P 0
L 0.6614172 3.1417323 1.3464566 3.1417323 0 P 0
L 0.6614172 3.8267717 1.3464566 3.8267717 0 P 0
L 0.779756 2.8833465 0.779756 2.9266536 0 P 0
L 0.779756 2.8833465 0.8742441 2.8833465 0 P 0
L 0.779756 2.9266536 0.8742441 2.9266536 0 P 0
L 0.779756 2.9333465 0.779756 2.9766536 0 P 0
L 0.779756 2.9333465 0.8742441 2.9333465 0 P 0
L 0.779756 2.9766536 0.8742441 2.9766536 0 P 0
L 0.8082993 2.9050001 0.8457008 2.9050001 0 P 0
L 0.8082993 2.9550001 0.8457008 2.9550001 0 P 0
L 0.8223464 2.589756 0.8223464 2.6842441 0 P 0
L 0.8223464 2.589756 0.8656535 2.589756 0 P 0
L 0.8223464 2.6842441 0.8656535 2.6842441 0 P 0
L 0.8252991 2.6370001 0.8627007 2.6370001 0 P 0
L 0.8270001 2.8862993 0.8270001 2.9237009 0 P 0
L 0.8270001 2.9362993 0.8270001 2.9737009 0 P 0
L 0.8439999 2.6182993 0.8439999 2.6557008 0 P 0
L 0.8656535 2.589756 0.8656535 2.6842441 0 P 0
L 0.8742441 2.8833465 0.8742441 2.9266536 0 P 0
L 0.8742441 2.9333465 0.8742441 2.9766536 0 P 0
L 0.8783465 1.0977559 0.8783465 1.192244 0 P 0
L 0.8783465 1.0977559 0.9216536 1.0977559 0 P 0
L 0.8783465 1.192244 0.9216536 1.192244 0 P 0
L 0.8812993 1.1449999 0.9187009 1.1449999 0 P 0
L 0.8863464 2.589756 0.8863464 2.6842441 0 P 0
L 0.8863464 2.589756 0.9296535 2.589756 0 P 0
L 0.8863464 2.6842441 0.9296535 2.6842441 0 P 0
L 0.8892991 2.6370001 0.9267007 2.6370001 0 P 0
L 0.8902793 2.8368149 0.8902793 2.9505865 2 P 0
L 0.8902793 2.8368149 0.9427793 2.8368149 2 P 0
L 0.8902793 2.9505865 0.9427793 2.9505865 2 P 0
L 0.8957559 0.8353464 0.8957559 0.8786535 0 P 0
L 0.8957559 0.8353464 0.990244 0.8353464 0 P 0
L 0.8957559 0.8786535 0.990244 0.8786535 0 P 0
L 0.9000001 1.1262992 0.9000001 1.1637007 0 P 0
L 0.9079999 2.6182993 0.9079999 2.6557008 0 P 0
L 0.9216536 1.0977559 0.9216536 1.192244 0 P 0
L 0.9242992 0.8569999 0.9617007 0.8569999 0 P 0
L 0.9296535 2.589756 0.9296535 2.6842441 0 P 0
L 0.9427793 2.8227007 0.9427793 2.8368149 2 P 0
L 0.9427793 2.8227007 1.0847793 2.8227007 2 P 0
L 0.9427793 2.9505865 0.9427793 2.9647007 2 P 0
L 0.9427793 2.9647007 1.0847793 2.9647007 2 P 0
L 0.9429999 0.8382991 0.9429999 0.8757007 0 P 0
L 0.9475986 1.0011023 0.9475986 1.1388976 0 P 0
L 0.9475986 1.0011023 1.0224017 1.0011023 0 P 0
L 0.9475986 1.1388976 1.0224017 1.1388976 0 P 0
L 0.9604724 0.8885432 0.9604724 0.9318503 0 P 0
L 0.9604724 0.8885432 1.0549605 0.8885432 0 P 0
L 0.9604724 0.9318503 1.0549605 0.9318503 0 P 0
L 0.9604724 0.9475983 0.9604724 0.9909054 0 P 0
L 0.9604724 0.9475983 1.0549605 0.9475983 0 P 0
L 0.9604724 0.9909054 1.0549605 0.9909054 0 P 0
L 0.9653151 1.0699999 1.0046852 1.0699999 0 P 0
L 0.9842519 3.484252 1.0236219 3.484252 0 P 0
L 0.9850001 1.0503149 0.9850001 1.089685 0 P 0
L 0.9890157 0.9101967 1.0264172 0.9101967 0 P 0
L 0.9890157 0.9692518 1.0264172 0.9692518 0 P 0
L 0.990244 0.8353464 0.990244 0.8786535 0 P 0
L 1.0039369 3.464567 1.0039369 3.503937 0 P 0
L 1.0077164 0.8914959 1.0077164 0.9288975 0 P 0
L 1.0077164 0.950551 1.0077164 0.9879526 0 P 0
L 1.0224017 1.0011023 1.0224017 1.1388976 0 P 0
L 1.0295984 2.6112598 1.0295984 2.7687402 0 P 0
L 1.0295984 2.6112598 1.1044015 2.6112598 0 P 0
L 1.0295984 2.7687402 1.1044015 2.7687402 0 P 0
L 1.0473149 2.69 1.086685 2.69 0 P 0
L 1.0549605 0.8885432 1.0549605 0.9318503 0 P 0
L 1.0549605 0.9475983 1.0549605 0.9909054 0 P 0
L 1.062756 0.2333465 1.062756 0.2766536 0 P 0
L 1.062756 0.2333465 1.1572441 0.2333465 0 P 0
L 1.062756 0.2766536 1.1572441 0.2766536 0 P 0
L 1.063756 0.1833465 1.063756 0.2266536 0 P 0
L 1.063756 0.1833465 1.1582441 0.1833465 0 P 0
L 1.063756 0.2266536 1.1582441 0.2266536 0 P 0
L 1.067 2.670315 1.067 2.709685 0 P 0
L 1.0711023 0.0625983 1.0711023 0.1374014 0 P 0
L 1.0711023 0.0625983 1.2088976 0.0625983 0 P 0
L 1.0711023 0.1374014 1.2088976 0.1374014 0 P 0
L 1.0847793 2.8227007 1.0847793 2.8368149 2 P 0
L 1.0847793 2.8368149 1.1372793 2.8368149 2 P 0
L 1.0847793 2.9505865 1.0847793 2.9647007 2 P 0
L 1.0847793 2.9505865 1.1372793 2.9505865 2 P 0
L 1.0885827 0.2834646 1.0885827 0.4527559 0 P 0
L 1.0885827 0.2834646 1.226378 0.2834646 0 P 0
L 1.0885827 0.4527559 1.226378 0.4527559 0 P 0
L 1.0912993 0.2550001 1.1287008 0.2550001 0 P 0
L 1.0922993 0.2050001 1.1297008 0.2050001 0 P 0
L 1.0973465 0.4647559 1.0973465 0.559244 0 P 0
L 1.0973465 0.4647559 1.1406536 0.4647559 0 P 0
L 1.0973465 0.559244 1.1406536 0.559244 0 P 0
L 1.1002993 0.5119999 1.1377009 0.5119999 0 P 0
L 1.1044015 2.6112598 1.1044015 2.7687402 0 P 0
L 1.1100001 0.2362993 1.1100001 0.2737009 0 P 0
L 1.1110001 0.1862993 1.1110001 0.2237009 0 P 0
L 1.1190001 0.4932992 1.1190001 0.5307007 0 P 0
L 1.1203149 0.0999999 1.159685 0.0999999 0 P 0
L 1.1372793 2.8368149 1.1372793 2.9505865 2 P 0
L 1.1377953 0.3681102 1.1771654 0.3681102 0 P 0
L 1.1399999 0.0803148 1.1399999 0.1196849 0 P 0
L 1.1406536 0.4647559 1.1406536 0.559244 0 P 0
L 1.1496063 0.4645669 1.1496063 0.559055 0 P 0
L 1.1496063 0.4645669 1.1929134 0.4645669 0 P 0
L 1.1496063 0.559055 1.1929134 0.559055 0 P 0
L 1.1525591 0.5118109 1.1899607 0.5118109 0 P 0
L 1.1557559 2.8473464 1.1557559 2.8906535 0 P 0
L 1.1557559 2.8473464 1.250244 2.8473464 0 P 0
L 1.1557559 2.8906535 1.250244 2.8906535 0 P 0
L 1.1572441 0.2333465 1.1572441 0.2766536 0 P 0
L 1.1574803 0.3484252 1.1574803 0.3877953 0 P 0
L 1.1582441 0.1833465 1.1582441 0.2266536 0 P 0
L 1.1677559 0.2333464 1.1677559 0.2766535 0 P 0
L 1.1677559 0.2333464 1.262244 0.2333464 0 P 0
L 1.1677559 0.2766535 1.262244 0.2766535 0 P 0
L 1.167756 0.1833465 1.167756 0.2266536 0 P 0
L 1.167756 0.1833465 1.2622441 0.1833465 0 P 0
L 1.167756 0.2266536 1.2622441 0.2266536 0 P 0
L 1.1712599 0.4931102 1.1712599 0.5305117 0 P 0
L 1.1842992 2.8689999 1.2217007 2.8689999 0 P 0
L 1.1929134 0.4645669 1.1929134 0.559055 0 P 0
L 1.1962992 0.2549999 1.2337007 0.2549999 0 P 0
L 1.1962993 0.2050001 1.2337008 0.2050001 0 P 0
L 1.2029999 2.8502991 1.2029999 2.8877007 0 P 0
L 1.2088976 0.0625983 1.2088976 0.1374014 0 P 0
L 1.2149999 0.2362991 1.2149999 0.2737007 0 P 0
L 1.2150001 0.1862993 1.2150001 0.2237009 0 P 0
L 1.226378 0.2834646 1.226378 0.4527559 0 P 0
L 1.2393464 2.418756 1.2393464 2.5132441 0 P 0
L 1.2393464 2.418756 1.2826535 2.418756 0 P 0
L 1.2393464 2.5132441 1.2826535 2.5132441 0 P 0
L 1.2422991 2.4660001 1.2797007 2.4660001 0 P 0
L 1.250244 2.8473464 1.250244 2.8906535 0 P 0
L 1.2567559 2.9063464 1.2567559 2.9496535 0 P 0
L 1.2567559 2.9063464 1.351244 2.9063464 0 P 0
L 1.2567559 2.9496535 1.351244 2.9496535 0 P 0
L 1.2609999 2.4472993 1.2609999 2.4847008 0 P 0
L 1.262244 0.2333464 1.262244 0.2766535 0 P 0
L 1.2622441 0.1833465 1.2622441 0.2266536 0 P 0
L 1.2826535 2.418756 1.2826535 2.5132441 0 P 0
L 1.2852992 2.9279999 1.3227007 2.9279999 0 P 0
L 1.3039999 2.9092991 1.3039999 2.9467007 0 P 0
L 1.3464566 3.1417323 1.3464566 3.8267717 0 P 0
L 1.351244 2.9063464 1.351244 2.9496535 0 P 0
L 1.3553544 2.2161023 1.3553544 2.3538976 0 P 0
L 1.3553544 2.2161023 1.5246457 2.2161023 0 P 0
L 1.3553544 2.3538976 1.5246457 2.3538976 0 P 0
L 1.3922598 3.6525984 1.3922598 3.7274015 0 P 0
L 1.3922598 3.6525984 1.5497402 3.6525984 0 P 0
L 1.3922598 3.7274015 1.5497402 3.7274015 0 P 0
L 1.4052598 2.5625984 1.4052598 2.6374015 0 P 0
L 1.4052598 2.5625984 1.5627402 2.5625984 0 P 0
L 1.4052598 2.6374015 1.5627402 2.6374015 0 P 0
L 1.420315 2.285 1.4596851 2.285 0 P 0
L 1.4331023 1.2425983 1.4331023 1.3174014 0 P 0
L 1.4331023 1.2425983 1.5708976 1.2425983 0 P 0
L 1.4331023 1.3174014 1.5708976 1.3174014 0 P 0
L 1.4331023 1.3315983 1.4331023 1.4064014 0 P 0
L 1.4331023 1.3315983 1.5708976 1.3315983 0 P 0
L 1.4331023 1.4064014 1.5708976 1.4064014 0 P 0
L 1.44 2.2653149 1.44 2.304685 0 P 0
L 1.451315 3.69 1.490685 3.69 0 P 0
L 1.4633464 2.107756 1.4633464 2.2022441 0 P 0
L 1.4633464 2.107756 1.5066535 2.107756 0 P 0
L 1.4633464 2.2022441 1.5066535 2.2022441 0 P 0
L 1.464315 2.6 1.503685 2.6 0 P 0
L 1.4647559 2.3633464 1.4647559 2.4066535 0 P 0
L 1.4647559 2.3633464 1.559244 2.3633464 0 P 0
L 1.4647559 2.4066535 1.559244 2.4066535 0 P 0
L 1.4662991 2.1550001 1.5037007 2.1550001 0 P 0
L 1.471 3.6703149 1.471 3.709685 0 P 0
L 1.4823149 1.2799999 1.521685 1.2799999 0 P 0
L 1.4823149 1.3689999 1.521685 1.3689999 0 P 0
L 1.484 2.5803149 1.484 2.619685 0 P 0
L 1.4849999 2.1362993 1.4849999 2.1737008 0 P 0
L 1.4932992 2.3849999 1.5307007 2.3849999 0 P 0
L 1.5019999 1.2603148 1.5019999 1.2996849 0 P 0
L 1.5019999 1.3493148 1.5019999 1.3886849 0 P 0
L 1.5066535 2.107756 1.5066535 2.2022441 0 P 0
L 1.5119999 2.3662991 1.5119999 2.4037007 0 P 0
L 1.5183465 2.1077559 1.5183465 2.202244 0 P 0
L 1.5183465 2.1077559 1.5616536 2.1077559 0 P 0
L 1.5183465 2.202244 1.5616536 2.202244 0 P 0
L 1.5212993 2.1549999 1.5587009 2.1549999 0 P 0
L 1.5246457 2.2161023 1.5246457 2.3538976 0 P 0
L 1.5383465 2.2377559 1.5383465 2.332244 0 P 0
L 1.5383465 2.2377559 1.5816536 2.2377559 0 P 0
L 1.5383465 2.332244 1.5816536 2.332244 0 P 0
L 1.5400001 2.1362992 1.5400001 2.1737007 0 P 0
L 1.5412993 2.2849999 1.5787009 2.2849999 0 P 0
L 1.5497402 3.6525984 1.5497402 3.7274015 0 P 0
L 1.559244 2.3633464 1.559244 2.4066535 0 P 0
L 1.5600001 2.2662992 1.5600001 2.3037007 0 P 0
L 1.5616536 2.1077559 1.5616536 2.202244 0 P 0
L 1.5627402 2.5625984 1.5627402 2.6374015 0 P 0
L 1.567441 0.7846064 1.567441 0.8279135 0 P 0
L 1.567441 0.7846064 1.6619291 0.7846064 0 P 0
L 1.567441 0.8279135 1.6619291 0.8279135 0 P 0
L 1.5694094 0.8535039 1.5694094 0.916496 0 P 0
L 1.5694094 0.8535039 1.6796457 0.8535039 0 P 0
L 1.5694094 0.916496 1.6796457 0.916496 0 P 0
L 1.5708976 1.2425983 1.5708976 1.3174014 0 P 0
L 1.5708976 1.3315983 1.5708976 1.4064014 0 P 0
L 1.5781023 2.4785983 1.5781023 2.5534014 0 P 0
L 1.5781023 2.4785983 1.7158976 2.4785983 0 P 0
L 1.5781023 2.5534014 1.7158976 2.5534014 0 P 0
L 1.5791023 2.5625983 1.5791023 2.6374014 0 P 0
L 1.5791023 2.5625983 1.7168976 2.5625983 0 P 0
L 1.5791023 2.6374014 1.7168976 2.6374014 0 P 0
L 1.5800001 1.2203542 1.5800001 1.3581495 0 P 0
L 1.5800001 1.2203542 1.7492914 1.2203542 0 P 0
L 1.5800001 1.3581495 1.7492914 1.3581495 0 P 0
L 1.5816536 2.2377559 1.5816536 2.332244 0 P 0
L 1.5883465 2.2377559 1.5883465 2.332244 0 P 0
L 1.5883465 2.2377559 1.6316536 2.2377559 0 P 0
L 1.5883465 2.332244 1.6316536 2.332244 0 P 0
L 1.5912993 2.2849999 1.6287009 2.2849999 0 P 0
L 1.5959843 0.8062599 1.6333858 0.8062599 0 P 0
L 1.6048425 0.885 1.6442126 0.885 0 P 0
L 1.6100001 2.2662992 1.6100001 2.3037007 0 P 0
L 1.614685 0.7875591 1.614685 0.8249607 0 P 0
L 1.6245275 0.8653149 1.6245275 0.904685 0 P 0
L 1.6273149 2.5159999 1.666685 2.5159999 0 P 0
L 1.6283149 2.5999999 1.667685 2.5999999 0 P 0
L 1.6316536 2.2377559 1.6316536 2.332244 0 P 0
L 1.6423465 2.2947559 1.6423465 2.389244 0 P 0
L 1.6423465 2.2947559 1.6856536 2.2947559 0 P 0
L 1.6423465 2.389244 1.6856536 2.389244 0 P 0
L 1.6449607 1.2892519 1.6843308 1.2892519 0 P 0
L 1.6452993 2.3419999 1.6827009 2.3419999 0 P 0
L 1.6469999 2.4963148 1.6469999 2.5356849 0 P 0
L 1.6479999 2.5803148 1.6479999 2.6196849 0 P 0
L 1.6527559 1.1163464 1.6527559 1.1596535 0 P 0
L 1.6527559 1.1163464 1.747244 1.1163464 0 P 0
L 1.6527559 1.1596535 1.747244 1.1596535 0 P 0
L 1.6527559 1.1713465 1.6527559 1.2146536 0 P 0
L 1.6527559 1.1713465 1.747244 1.1713465 0 P 0
L 1.6527559 1.2146536 1.747244 1.2146536 0 P 0
L 1.6619291 0.7846064 1.6619291 0.8279135 0 P 0
L 1.6640001 2.3232992 1.6640001 2.3607007 0 P 0
L 1.6646457 1.2695668 1.6646457 1.3089369 0 P 0
L 1.6796457 0.8535039 1.6796457 0.916496 0 P 0
L 1.6812992 1.1379999 1.7187007 1.1379999 0 P 0
L 1.6812992 1.1930001 1.7187007 1.1930001 0 P 0
L 1.6856536 2.2947559 1.6856536 2.389244 0 P 0
L 1.6933465 1.3677559 1.6933465 1.462244 0 P 0
L 1.6933465 1.3677559 1.7366536 1.3677559 0 P 0
L 1.6933465 1.462244 1.7366536 1.462244 0 P 0
L 1.6962993 1.4149999 1.7337009 1.4149999 0 P 0
L 1.6999999 1.1192991 1.6999999 1.1567007 0 P 0
L 1.7 1.1742993 1.7 1.2117009 0 P 0
L 1.7150001 1.3962992 1.7150001 1.4337007 0 P 0
L 1.7158976 2.4785983 1.7158976 2.5534014 0 P 0
L 1.7168976 2.5625983 1.7168976 2.6374014 0 P 0
L 1.7366536 1.3677559 1.7366536 1.462244 0 P 0
L 1.747244 1.1163464 1.747244 1.1596535 0 P 0
L 1.747244 1.1713465 1.747244 1.2146536 0 P 0
L 1.7492914 1.2203542 1.7492914 1.3581495 0 P 0
L 1.7611025 1.2420078 1.7611025 1.3364959 0 P 0
L 1.7611025 1.2420078 1.8044096 1.2420078 0 P 0
L 1.7611025 1.3364959 1.8044096 1.3364959 0 P 0
L 1.7640553 1.2892518 1.8014569 1.2892518 0 P 0
L 1.7827561 1.2705511 1.7827561 1.3079526 0 P 0
L 1.7875986 3.0511023 1.7875986 3.1888976 0 P 0
L 1.7875986 3.0511023 1.8624017 3.0511023 0 P 0
L 1.7875986 3.1888976 1.8624017 3.1888976 0 P 0
L 1.7975983 3.2811024 1.7975983 3.4188977 0 P 0
L 1.7975983 3.2811024 1.8724014 3.2811024 0 P 0
L 1.7975983 3.4188977 1.8724014 3.4188977 0 P 0
L 1.7985986 1.0831023 1.7985986 1.2208976 0 P 0
L 1.7985986 1.0831023 1.8734017 1.0831023 0 P 0
L 1.7985986 1.2208976 1.8734017 1.2208976 0 P 0
L 1.798756 4.0673465 1.798756 4.1106536 0 P 0
L 1.798756 4.0673465 1.8932441 4.0673465 0 P 0
L 1.798756 4.1106536 1.8932441 4.1106536 0 P 0
L 1.8044096 1.2420078 1.8044096 1.3364959 0 P 0
L 1.8053151 3.1199999 1.8446852 3.1199999 0 P 0
L 1.8117559 1.3463464 1.8117559 1.3896535 0 P 0
L 1.8117559 1.3463464 1.906244 1.3463464 0 P 0
L 1.8117559 1.3896535 1.906244 1.3896535 0 P 0
L 1.8133465 1.2417559 1.8133465 1.336244 0 P 0
L 1.8133465 1.2417559 1.8566536 1.2417559 0 P 0
L 1.8133465 1.336244 1.8566536 1.336244 0 P 0
L 1.8153148 3.3500001 1.8546849 3.3500001 0 P 0
L 1.8162993 1.2889999 1.8537009 1.2889999 0 P 0
L 1.8163151 1.1519999 1.8556852 1.1519999 0 P 0
L 1.8250001 3.1003149 1.8250001 3.139685 0 P 0
L 1.8272993 4.0890001 1.8647008 4.0890001 0 P 0
L 1.8349999 3.330315 1.8349999 3.3696851 0 P 0
L 1.8350001 1.2702992 1.8350001 1.3077007 0 P 0
L 1.8360001 1.1323149 1.8360001 1.171685 0 P 0
L 1.8402992 1.3679999 1.8777007 1.3679999 0 P 0
L 1.8460001 4.0702993 1.8460001 4.1077009 0 P 0
L 1.8481612 3.7991374 1.8481612 3.9961374 2 P 0
L 1.8481612 3.7991374 1.8520943 3.7991374 2 P 0
L 1.8481612 3.9961374 1.8520943 3.9961374 2 P 0
L 1.8520943 3.7436374 1.8520943 3.7991374 2 P 0
L 1.8520943 3.7436374 2.0652281 3.7436374 2 P 0
L 1.8520943 3.9961374 1.8520943 4.0516374 2 P 0
L 1.8520943 4.0516374 2.0652281 4.0516374 2 P 0
L 1.8566536 1.2417559 1.8566536 1.336244 0 P 0
L 1.8589999 1.3492991 1.8589999 1.3867007 0 P 0
L 1.8624017 3.0511023 1.8624017 3.1888976 0 P 0
L 1.8724014 3.2811024 1.8724014 3.4188977 0 P 0
L 1.8727559 3.6903464 1.8727559 3.7336535 0 P 0
L 1.8727559 3.6903464 1.967244 3.6903464 0 P 0
L 1.8727559 3.7336535 1.967244 3.7336535 0 P 0
L 1.8734017 1.0831023 1.8734017 1.2208976 0 P 0
L 1.8932441 4.0673465 1.8932441 4.1106536 0 P 0
L 1.9012992 3.7119999 1.9387007 3.7119999 0 P 0
L 1.906244 1.3463464 1.906244 1.3896535 0 P 0
L 1.9199999 3.6932991 1.9199999 3.7307007 0 P 0
L 1.9525983 2.6861024 1.9525983 2.8238977 0 P 0
L 1.9525983 2.6861024 2.0274014 2.6861024 0 P 0
L 1.9525983 2.8238977 2.0274014 2.8238977 0 P 0
L 1.9525985 2.8412598 1.9525985 2.9987402 0 P 0
L 1.9525985 2.8412598 2.0274016 2.8412598 0 P 0
L 1.9525985 2.9987402 2.0274016 2.9987402 0 P 0
L 1.967244 3.6903464 1.967244 3.7336535 0 P 0
L 1.9703148 2.7550001 2.0096849 2.7550001 0 P 0
L 1.970315 2.92 2.0096851 2.92 0 P 0
L 1.9899999 2.735315 1.9899999 2.7746851 0 P 0
L 1.99 2.900315 1.99 2.939685 0 P 0
L 2.0274014 2.6861024 2.0274014 2.8238977 0 P 0
L 2.0274016 2.8412598 2.0274016 2.9987402 0 P 0
L 2.0287559 3.6863464 2.0287559 3.7296535 0 P 0
L 2.0287559 3.6863464 2.123244 3.6863464 0 P 0
L 2.0287559 3.7296535 2.123244 3.7296535 0 P 0
L 2.0452755 0.1299214 2.0452755 0.2244095 0 P 0
L 2.0452755 0.1299214 2.0885826 0.1299214 0 P 0
L 2.0452755 0.2244095 2.0885826 0.2244095 0 P 0
L 2.0482282 0.1771655 2.0856298 0.1771655 0 P 0
L 2.0492126 0.5511811 2.0492126 0.7086615 0 P 0
L 2.0492126 0.5511811 2.1240157 0.5511811 0 P 0
L 2.0492126 0.7086615 2.1240157 0.7086615 0 P 0
L 2.0492128 2.6870078 2.0492128 2.8248031 0 P 0
L 2.0492128 2.6870078 2.1240159 2.6870078 0 P 0
L 2.0492128 2.8248031 2.1240159 2.8248031 0 P 0
L 2.0572992 3.7079999 2.0947007 3.7079999 0 P 0
L 2.0652281 3.7436374 2.0652281 3.7991374 2 P 0
L 2.0652281 3.7991374 2.0691612 3.7991374 2 P 0
L 2.0652281 3.9961374 2.0652281 4.0516374 2 P 0
L 2.0652281 3.9961374 2.0691612 3.9961374 2 P 0
L 2.066929 0.1584647 2.066929 0.1958662 0 P 0
L 2.0669291 0.6299213 2.1062992 0.6299213 0 P 0
L 2.0669293 2.7559054 2.1062994 2.7559054 0 P 0
L 2.0691612 3.7991374 2.0691612 3.9961374 2 P 0
L 2.0759999 3.6892991 2.0759999 3.7267007 0 P 0
L 2.0767717 0.2362205 2.0767717 0.5314961 1 P 0
L 2.0767717 0.2362205 2.2933071 0.2362205 1 P 0
L 2.0767717 0.5314961 2.2933071 0.5314961 1 P 0
L 2.0866142 0.6102363 2.0866142 0.6496063 0 P 0
L 2.0866143 2.7362204 2.0866143 2.7755905 0 P 0
L 2.0885826 0.1299214 2.0885826 0.2244095 0 P 0
L 2.1062992 0.1358266 2.1062992 0.1791337 0 P 0
L 2.1062992 0.1358266 2.2007873 0.1358266 0 P 0
L 2.1062992 0.1791337 2.2007873 0.1791337 0 P 0
L 2.1062992 0.1909447 2.1062992 0.2342518 0 P 0
L 2.1062992 0.1909447 2.2007873 0.1909447 0 P 0
L 2.1062992 0.2342518 2.2007873 0.2342518 0 P 0
L 2.123244 3.6863464 2.123244 3.7296535 0 P 0
L 2.1240157 0.5511811 2.1240157 0.7086615 0 P 0
L 2.1240159 2.6870078 2.1240159 2.8248031 0 P 0
L 2.1338583 0.6122047 2.1338583 0.7066928 0 P 0
L 2.1338583 0.6122047 2.1771654 0.6122047 0 P 0
L 2.1338583 0.7066928 2.1771654 0.7066928 0 P 0
L 2.1348425 0.1574801 2.172244 0.1574801 0 P 0
L 2.1348425 0.2125982 2.172244 0.2125982 0 P 0
L 2.1368111 0.6594487 2.1742127 0.6594487 0 P 0
L 2.1377954 0.5492126 2.1377954 0.5925197 0 P 0
L 2.1377954 0.5492126 2.2322835 0.5492126 0 P 0
L 2.1377954 0.5925197 2.2322835 0.5925197 0 P 0
L 2.1535432 0.1387793 2.1535432 0.1761809 0 P 0
L 2.1535432 0.1938974 2.1535432 0.231299 0 P 0
L 2.1555119 0.640748 2.1555119 0.6781495 0 P 0
L 2.1653544 0.3838583 2.2047244 0.3838583 0 P 0
L 2.1663387 0.5708662 2.2037402 0.5708662 0 P 0
L 2.1771654 0.6122047 2.1771654 0.7066928 0 P 0
L 2.1850394 0.3641732 2.1850394 0.4035433 0 P 0
L 2.1850395 0.5521654 2.1850395 0.589567 0 P 0
L 2.1929134 0.6122047 2.1929134 0.7066928 0 P 0
L 2.1929134 0.6122047 2.2362205 0.6122047 0 P 0
L 2.1929134 0.7066928 2.2362205 0.7066928 0 P 0
L 2.1958662 0.6594487 2.2332678 0.6594487 0 P 0
L 2.2007873 0.1358266 2.2007873 0.1791337 0 P 0
L 2.2007873 0.1909447 2.2007873 0.2342518 0 P 0
L 2.214567 0.640748 2.214567 0.6781495 0 P 0
L 2.2224409 0.1299214 2.2224409 0.2244095 0 P 0
L 2.2224409 0.1299214 2.265748 0.1299214 0 P 0
L 2.2224409 0.2244095 2.265748 0.2244095 0 P 0
L 2.2253936 0.1771655 2.2627952 0.1771655 0 P 0
L 2.2322835 0.5492126 2.2322835 0.5925197 0 P 0
L 2.2362205 0.6122047 2.2362205 0.7066928 0 P 0
L 2.2440944 0.1584647 2.2440944 0.1958662 0 P 0
L 2.2519684 0.6122048 2.2519684 0.7066929 0 P 0
L 2.2519684 0.6122048 2.2952755 0.6122048 0 P 0
L 2.2519684 0.7066929 2.2952755 0.7066929 0 P 0
L 2.2549211 0.6594489 2.2923227 0.6594489 0 P 0
L 2.265748 0.1299214 2.265748 0.2244095 0 P 0
L 2.2736219 0.6407481 2.2736219 0.6781496 0 P 0
L 2.2933071 0.2362205 2.2933071 0.5314961 1 P 0
L 2.2952755 0.6122048 2.2952755 0.7066929 0 P 0
S P 0
OB 2.0652281 3.7991374 I
OS 2.0652281 3.7436374
OS 1.8520943 3.7436374
OS 1.8520943 3.7991374
OS 1.8481612 3.7991374
OS 1.8481612 3.9961374
OS 1.8520943 3.9961374
OS 1.8520943 4.0516374
OS 2.0652281 4.0516374
OS 2.0652281 3.9961374
OS 2.0691612 3.9961374
OS 2.0691612 3.7991374
OS 2.0652281 3.7991374
OE
SE
S P 0
OB 0.4545119 0.8242362 I
OS 0.1234881 0.8242362
OS 0.1234881 1.1237638
OS 0.4545119 1.1237638
OS 0.4545119 0.8242362
OE
SE
S P 0
OB 0.9427793 2.8368149 I
OS 0.8902793 2.8368149
OS 0.8902793 2.9505865
OS 0.9427793 2.9505865
OS 0.9427793 2.9647007
OS 1.0847793 2.9647007
OS 1.0847793 2.9505865
OS 1.1372793 2.9505865
OS 1.1372793 2.8368149
OS 1.0847793 2.8368149
OS 1.0847793 2.8227007
OS 0.9427793 2.8227007
OS 0.9427793 2.8368149
OE
SE
