#Layer_Color=11619584
#
#Feature symbol names
#
$0 r3.937

#
#Feature attribute names
#

#
#Layer features
#
L 0.1223464 3.1427559 0.1223464 3.237244 0 P 0
L 0.1223464 3.1427559 0.1656535 3.1427559 0 P 0
L 0.1223464 3.237244 0.1656535 3.237244 0 P 0
L 0.1252991 3.1899999 0.1627007 3.1899999 0 P 0
L 0.1439999 3.1712992 0.1439999 3.2087007 0 P 0
L 0.1656535 3.1427559 0.1656535 3.237244 0 P 0
L 0.2917559 3.8843465 0.2917559 3.9276536 0 P 0
L 0.2917559 3.8843465 0.386244 3.8843465 0 P 0
L 0.2917559 3.9276536 0.386244 3.9276536 0 P 0
L 0.3202992 3.9060001 0.3577007 3.9060001 0 P 0
L 0.3389999 3.8872993 0.3389999 3.9247009 0 P 0
L 0.386244 3.8843465 0.386244 3.9276536 0 P 0
L 0.5461023 0.5925986 0.5461023 0.6674017 0 P 0
L 0.5461023 0.5925986 0.6838976 0.5925986 0 P 0
L 0.5461023 0.6674017 0.6838976 0.6674017 0 P 0
L 0.5581023 0.1395986 0.5581023 0.2144017 0 P 0
L 0.5581023 0.1395986 0.6958976 0.1395986 0 P 0
L 0.5581023 0.2144017 0.6958976 0.2144017 0 P 0
L 0.5953149 0.6300001 0.634685 0.6300001 0 P 0
L 0.6073149 0.1770001 0.646685 0.1770001 0 P 0
L 0.6149999 0.6103151 0.6149999 0.6496852 0 P 0
L 0.6269999 0.1573151 0.6269999 0.1966852 0 P 0
L 0.657756 3.2333464 0.657756 3.2766535 0 P 0
L 0.657756 3.2333464 0.7522441 3.2333464 0 P 0
L 0.657756 3.2766535 0.7522441 3.2766535 0 P 0
L 0.657756 3.2823464 0.657756 3.3256535 0 P 0
L 0.657756 3.2823464 0.7522441 3.2823464 0 P 0
L 0.657756 3.3256535 0.7522441 3.3256535 0 P 0
L 0.6643464 3.1327559 0.6643464 3.227244 0 P 0
L 0.6643464 3.1327559 0.7076535 3.1327559 0 P 0
L 0.6643464 3.227244 0.7076535 3.227244 0 P 0
L 0.6672991 3.1799999 0.7047007 3.1799999 0 P 0
L 0.6838976 0.5925986 0.6838976 0.6674017 0 P 0
L 0.6859999 3.1612992 0.6859999 3.1987007 0 P 0
L 0.6862993 3.2549999 0.7237008 3.2549999 0 P 0
L 0.6862993 3.3039999 0.7237008 3.3039999 0 P 0
L 0.6958976 0.1395986 0.6958976 0.2144017 0 P 0
L 0.7050001 3.2362991 0.7050001 3.2737007 0 P 0
L 0.7050001 3.2852991 0.7050001 3.3227007 0 P 0
L 0.7076535 3.1327559 0.7076535 3.227244 0 P 0
L 0.7143464 3.1331969 0.7143464 3.227685 0 P 0
L 0.7143464 3.1331969 0.7576535 3.1331969 0 P 0
L 0.7143464 3.227685 0.7576535 3.227685 0 P 0
L 0.7172992 3.180441 0.7547008 3.180441 0 P 0
L 0.736 3.1617402 0.736 3.1991417 0 P 0
L 0.7522441 3.2333464 0.7522441 3.2766535 0 P 0
L 0.7522441 3.2823464 0.7522441 3.3256535 0 P 0
L 0.7533464 3.7327559 0.7533464 3.827244 0 P 0
L 0.7533464 3.7327559 0.7966535 3.7327559 0 P 0
L 0.7533464 3.827244 0.7966535 3.827244 0 P 0
L 0.7562991 3.7799999 0.7937007 3.7799999 0 P 0
L 0.7576535 3.1331969 0.7576535 3.227685 0 P 0
L 0.7593464 3.3867559 0.7593464 3.481244 0 P 0
L 0.7593464 3.3867559 0.8026535 3.3867559 0 P 0
L 0.7593464 3.481244 0.8026535 3.481244 0 P 0
L 0.7622991 3.4339999 0.7997007 3.4339999 0 P 0
L 0.7633464 3.1332047 0.7633464 3.2276928 0 P 0
L 0.7633464 3.1332047 0.8066535 3.1332047 0 P 0
L 0.7633464 3.2276928 0.8066535 3.2276928 0 P 0
L 0.7662991 3.1804487 0.8037007 3.1804487 0 P 0
L 0.7749999 3.7612992 0.7749999 3.7987007 0 P 0
L 0.7809999 3.4152992 0.7809999 3.4527007 0 P 0
L 0.7849999 3.161748 0.7849999 3.1991495 0 P 0
L 0.7927559 3.5783465 0.7927559 3.6216536 0 P 0
L 0.7927559 3.5783465 0.887244 3.5783465 0 P 0
L 0.7927559 3.6216536 0.887244 3.6216536 0 P 0
L 0.7927559 3.6283465 0.7927559 3.6716536 0 P 0
L 0.7927559 3.6283465 0.887244 3.6283465 0 P 0
L 0.7927559 3.6716536 0.887244 3.6716536 0 P 0
L 0.7966535 3.7327559 0.7966535 3.827244 0 P 0
L 0.7977559 3.5033465 0.7977559 3.5466536 0 P 0
L 0.7977559 3.5033465 0.892244 3.5033465 0 P 0
L 0.7977559 3.5466536 0.892244 3.5466536 0 P 0
L 0.8026535 3.3867559 0.8026535 3.481244 0 P 0
L 0.8066535 3.1332047 0.8066535 3.2276928 0 P 0
L 0.8087559 3.2933465 0.8087559 3.3366536 0 P 0
L 0.8087559 3.2933465 0.903244 3.2933465 0 P 0
L 0.8087559 3.3366536 0.903244 3.3366536 0 P 0
L 0.8087559 3.3433465 0.8087559 3.3866536 0 P 0
L 0.8087559 3.3433465 0.903244 3.3433465 0 P 0
L 0.8087559 3.3866536 0.903244 3.3866536 0 P 0
L 0.8163465 3.1331969 0.8163465 3.227685 0 P 0
L 0.8163465 3.1331969 0.8596536 3.1331969 0 P 0
L 0.8163465 3.227685 0.8596536 3.227685 0 P 0
L 0.8192993 3.180441 0.8567009 3.180441 0 P 0
L 0.8212992 3.6000001 0.8587007 3.6000001 0 P 0
L 0.8212992 3.6500001 0.8587007 3.6500001 0 P 0
L 0.8262992 3.5250001 0.8637007 3.5250001 0 P 0
L 0.8315983 3.7231023 0.8315983 3.8608976 0 P 0
L 0.8315983 3.7231023 0.9064014 3.7231023 0 P 0
L 0.8315983 3.8608976 0.9064014 3.8608976 0 P 0
L 0.8372992 3.3150001 0.8747007 3.3150001 0 P 0
L 0.8372992 3.3650001 0.8747007 3.3650001 0 P 0
L 0.8380001 3.1617402 0.8380001 3.1991417 0 P 0
L 0.8399999 3.5812993 0.8399999 3.6187009 0 P 0
L 0.8399999 3.6312993 0.8399999 3.6687009 0 P 0
L 0.8449999 3.5062993 0.8449999 3.5437009 0 P 0
L 0.8493148 3.7919999 0.8886849 3.7919999 0 P 0
L 0.8559999 3.2962993 0.8559999 3.3337009 0 P 0
L 0.8559999 3.3462993 0.8559999 3.3837009 0 P 0
L 0.8596536 3.1331969 0.8596536 3.227685 0 P 0
L 0.8689999 3.7723149 0.8689999 3.811685 0 P 0
L 0.887244 3.5783465 0.887244 3.6216536 0 P 0
L 0.887244 3.6283465 0.887244 3.6716536 0 P 0
L 0.892244 3.5033465 0.892244 3.5466536 0 P 0
L 0.903244 3.2933465 0.903244 3.3366536 0 P 0
L 0.903244 3.3433465 0.903244 3.3866536 0 P 0
L 0.9064014 3.7231023 0.9064014 3.8608976 0 P 0
L 0.9291023 0.5935986 0.9291023 0.6684017 0 P 0
L 0.9291023 0.5935986 1.0668976 0.5935986 0 P 0
L 0.9291023 0.6684017 1.0668976 0.6684017 0 P 0
L 0.9783149 0.6310001 1.017685 0.6310001 0 P 0
L 0.9979999 0.6113151 0.9979999 0.6506852 0 P 0
L 1.0668976 0.5935986 1.0668976 0.6684017 0 P 0
L 1.1725984 3.1412598 1.1725984 3.2987402 0 P 0
L 1.1725984 3.1412598 1.2474015 3.1412598 0 P 0
L 1.1725984 3.2987402 1.2474015 3.2987402 0 P 0
L 1.1903149 3.22 1.229685 3.22 0 P 0
L 1.21 3.200315 1.21 3.239685 0 P 0
L 1.2474015 3.1412598 1.2474015 3.2987402 0 P 0
L 1.2533464 3.1377559 1.2533464 3.232244 0 P 0
L 1.2533464 3.1377559 1.2966535 3.1377559 0 P 0
L 1.2533464 3.232244 1.2966535 3.232244 0 P 0
L 1.2547559 3.6893465 1.2547559 3.7326536 0 P 0
L 1.2547559 3.6893465 1.349244 3.6893465 0 P 0
L 1.2547559 3.7326536 1.349244 3.7326536 0 P 0
L 1.2562991 3.1849999 1.2937007 3.1849999 0 P 0
L 1.2749999 3.1662992 1.2749999 3.2037007 0 P 0
L 1.2832992 3.7110001 1.3207007 3.7110001 0 P 0
L 1.2966535 3.1377559 1.2966535 3.232244 0 P 0
L 1.3019999 3.6922993 1.3019999 3.7297009 0 P 0
L 1.3033464 3.1377559 1.3033464 3.232244 0 P 0
L 1.3033464 3.1377559 1.3466535 3.1377559 0 P 0
L 1.3033464 3.232244 1.3466535 3.232244 0 P 0
L 1.3062991 3.1849999 1.3437007 3.1849999 0 P 0
L 1.3249999 3.1662992 1.3249999 3.2037007 0 P 0
L 1.3466535 3.1377559 1.3466535 3.232244 0 P 0
L 1.349244 3.6893465 1.349244 3.7326536 0 P 0
L 1.5391023 0.1395986 1.5391023 0.2144017 0 P 0
L 1.5391023 0.1395986 1.6768976 0.1395986 0 P 0
L 1.5391023 0.2144017 1.6768976 0.2144017 0 P 0
L 1.5883149 0.1770001 1.627685 0.1770001 0 P 0
L 1.6011023 2.9075986 1.6011023 2.9824017 0 P 0
L 1.6011023 2.9075986 1.7388976 2.9075986 0 P 0
L 1.6011023 2.9824017 1.7388976 2.9824017 0 P 0
L 1.6079999 0.1573151 1.6079999 0.1966852 0 P 0
L 1.6503149 2.9450001 1.689685 2.9450001 0 P 0
L 1.6699999 2.9253151 1.6699999 2.9646852 0 P 0
L 1.6768976 0.1395986 1.6768976 0.2144017 0 P 0
L 1.7388976 2.9075986 1.7388976 2.9824017 0 P 0
L 1.844756 3.8633464 1.844756 3.9066535 0 P 0
L 1.844756 3.8633464 1.9392441 3.8633464 0 P 0
L 1.844756 3.9066535 1.9392441 3.9066535 0 P 0
L 1.8732993 3.8849999 1.9107008 3.8849999 0 P 0
L 1.8920001 3.8662991 1.8920001 3.9037007 0 P 0
L 1.9392441 3.8633464 1.9392441 3.9066535 0 P 0
L 1.9633465 3.730756 1.9633465 3.8252441 0 P 0
L 1.9633465 3.730756 2.0066536 3.730756 0 P 0
L 1.9633465 3.8252441 2.0066536 3.8252441 0 P 0
L 1.9662993 3.7780001 2.0037009 3.7780001 0 P 0
L 1.9850001 3.7592993 1.9850001 3.7967008 0 P 0
L 2.0066536 3.730756 2.0066536 3.8252441 0 P 0
